lxvi μ 166111

16161 111. lii, 61. 116664. 6, 62. 7661661111 1, 66. 111224 (rugi 611111
61, 26. 62. 611, 27. 46. 16, 44. 64. 6, Igitur 1, 66
66. 61, 44. 61. 61 Igne 16, 67. 6, 66. 6, 46 11666116 1111,
16616 6, 42 46 66616616 1, 22 16616 6111, 21 161-
11616661 6, 66 11366166 nullo 6166
1661· 611, 64 Ignes nocturnos xiv, 42
hcm s „u V, 81 u· 'ii' w Ignibffl Vi. 8⁸ ἃ thid! ‘iv' Ιω
1616111116 6, 46 · 1361116661 166166 127
1661611116ςί1 6111, 66 Ignis 16, 66. 61161 66111661 11164
161161 16, 164. 6, 66 Ignoras 11, 26. 77
116161 61 Ignorat 1, 116. 112. 6146. 61116
116111 1146 1366161 14
16616166 6, 66 Ignoto 11111
166111 1174 Ignoscas 6111, 66
116611 8 14. 21. 611176 11661661 6. 7
1661116 11, 21. 67 1661 1166 Ignosce· 1126
sm 8276 1, ²⁴ Issnfflo 11, 896 mpwe [1194
1116666616 61, 42. 6, 16 136611 616, 166 1636111, 16
16161166 61, 16. vii, 47. x, 46 Ignota 16616 S 16
1666 6111, 2. 6. 1, 26. 11, 4 Ignotus 626
,1161 1111, 44. 6, 41 Kalendis 611127 Ignoti 616611 vii, 16
meme 611, 41 Ignoto· 1146
16616611 1164 Ignotumque 6661 61, 76
1661166 ν, 22 Ignotus 166
1666 611, 6 1161 61161

1161611111 61, 21 1116 6, 46 66116 16, 42
11616161 11, 16 111666 6161666 11, 44 ministro 11142
7161611 611, 14. 66 1116666 61116161 611, 62
166116 apem 1126 66116 1, 71 161111 1616111164

114 llice 11176 61111116 6164 1116116111,
16611666 1111611661 116 27
16661 1111, 2. 16,2 66616161 6111, 66 uicesque 6, 62
161ρί1111 111 166611116161611,16
lapidibus mgni· 16, 66 16661661 16661661 1166
16616 16, 66 1111611 6112
1611 111, 47. 11, 61. 611, 62 11661616 17 juvenem 16, 61 leporem
161116 6112 611266
16611 v, 66 1166611 6111, 26 1116 atque 16116 inflexa, 6611116.
166111 16, 66. 6, 26. 66 161111 vi. 16 16166166 dnum 1, 66
166161 61162. 1116 truces 6, 76 1116166 6116111161 6111, 67
161 146 1116161 61, 42
1611 1, 4. 6, 16. 76 muntem 616, 41
1611 6116. x. 76. 61, 7. 616, 41 lun-gine 61, 27. 11, 1. 26. 76. 66,46
166 147. 1124 1661166114 11161111
1666666166 perniciosus 61167 1613166116661661 126
1611 S 14. 86111, 64 Plecusa 1166 1661161661 61116111 11, 46 immodicis 11,
61666116 26 66
161111 6112 66661 61142 161616 61, 46. 611, 64. 11162 dign· 11,
166 171166 6661616111 66 616161 11, 77 plurim 1, 71
1661 66111 11, 46 16161616161111 111164 1116161666
Ideo cinoedo 1, 66 611, 66
1666 1, 1. 616 Imber 01116111 16, 16 6661161 61126
1111661116611636111161167 116616 6166 161116611166 1111116616,
16616661616611 1, 66 16 expresso xiv, 144
1116161661 triumphos 112 1111611611 immodici· iii, 166
Idus 141 Μ1161111616616166 61174 11661166 66 11, 47

06166161 x, 62. xii, 67 1111611161 1161 1, 62
166111 1616111 6111, 66 6111611616. 11666661 61126
16161116 114 161666 61116

 

