ιιι ιιι-ιιτιιιιιιι. 8811

Mi! 8111 Nom 1,81.188.111.1,81. iiiii.
110881811118 · 88. 11, 81. 81. 8, is. vim. 111, 18
incensi. ιιιιι. imo. ..81. ι,ιι vii, 188811. ιι, ιι ιι. ιι. 81.
118181 188181888818811,81 181.1,78.188.11,8.1111,11.11.
11888811,1.88 18.111.111,17.118 1188888818
Haemasi 188881111,118811881881111881118181
1188818818 118811881118. 111888, 1118. 88118811,
11888111,11.11,18.11,188.111,18 81 impositum 1118. junctum cognito
8188181, 118. 11, 18. 811,18.1111,11,1188818811111 188888888181 18,
18,88.188.11,18.11.181.1118,1., 11 8158818118 81118181181 118118
87 1181111811, 18 1111881811, 88 118- 11,118118ι88881181881818111111ι1.
81181, 88. 8111,.8 ’,188 8818111, 88 ’881118.18, 18. 118,181 1811118111,1
8818881111. 11, 18 188 81818 ιιι- 88188111, 11 8188188881, 8 888818
μ8811,81181818,88.81.111,18. 11,188181818ι118,18
81 ananim* Ν888888111111,18
timii. 81 1811181, 181 · 1188888881, 1811111
1188181 ιιι 11 m pet 11188888 ρο- 118888188881111,118188881111111,118
8111111181 Nomentum 111888 ι, 11 1188111 ιι,
1188181888ιῦ,88 18
unanimi, A? 18111111 1188881881 81, 88. 11111 11818 81,
vim 18 ,
mi, 81 8188881881188 1118111111 111,
1881888181 , 11
1188188111,18 ’ 11888811ιοί1, 81
Novium, 111 Numnam 111811 ιι1,111
linctum 1181111, 18 pagini 81, 11 1188881118888111, 88
8881811 118888881881111, 81

111818811818881118, 18 Nomentani. 11
1881118811 88 818,11 1188ιί111111, 81. 11. 8111, 18. 11118118,

nonnum 881 11, 11 78. 111. 118 antiqu 811, 18 8181-
1118888111 11818 111, 18 111111 1111, 18 8811811
1111881111,8.18,88.81,81 11, 88 ingenuinus inqu 8,11
11888181881881, 18 8831118811, m 8818811 xi, 18 nequiori 11, 1 non
1188888. 17 111, 18 8818188188111, 81 1811181
Nodum 88 18, 18 18188111 vm 818, 118 vic7
lidan 8,18 1811811,11
11818818811,18 11881811111,18
81818811ιί1,88 · 118818811ίί, 88 1
1811118. 111, 81. 18,88.11, 18. 1,18. 1188111811, 18818, 1.81. 8,11.11.
11,18 811,11.11,11.8818181,18(118ω
mi, 88. 11. 88. rii, 11. 11, 11 ’ 118, 88 11818818818,1118881888818
rai· 11, 18. 81111. 8111, 11. mimo. 881811, 71 8111818,8 8811111, 88 ··
· xiim 11881181 1811818 8111, 88 -
1181111, 8 8188181118,11.111,11. Ιι,81
iim 881 11, 71. 11118 ’ Νοιιιίιιιιιιι 11181
1111111111. 11 lio· 81188181, 8888811818888818,
11811888 8,88 18 nimi· rusticulum libellum 1, 11
Rauennam . 1188818, 8. viiii
118881111811181 11881818118881, 88
111111,8181ι181818”ιιι,ιι.81. 1188818188
8,18.88. 81,18.8111,18.1,8.11. 1188888118
81, 17. 188. 111, 81. 88. 11.1111,11888818818111,17
88.118,1 Nonnihil 811111, 71
noima-xii, 81 1188111111, 18
1181118811 81111 1188881111817
Halaesini, 18. 1111, 88 Non 8811 111, 11
1181811118 ’ ι nonu, 18. 118, 18
11818811, 1oe 1181188811,88
Um 811111, 18 piet· 1111, 18 . 11881888 1811111, 71

 

