m 1111111111. 111

gnum 111ῗῖ11 111, 74 11101111 1114 01ἱ11011ἶ1161111,40 1111114111, 00 911111
11, ,
1111111111 cuatuor. 111. ‚mm 111... ,
011111111109 11180
01111111 1, 09 011010111111111 1, 71
011111 xi. 00 011110111111 1109
Calumniator 1100 011111111171. 11, 0. 07. 1110 111·
calvo comto 100 Melanthione 1, 11111199 1111111 1111111111
07 011011ιὶ1, 140
0111111,Ὶο · 0111110190. 11111 1111111111, 01’
Calydon i, 190. 1109 0111111100 ’
Calydone AEtot· 11, 49 0111111111. 1401109 ’1111111111
cttytontmm 1111 1111 ¹ ¹
0111111111 1100 1111110111100 011111111100
camillus 11111111 11, 0 caneret 1, 04
011111111140 1 cauea 11, 00. 74. 11100. 1100. 1111,
0111111111 1111, 00 99 11111, 07
0111111111 1147 Cani 11, 00. 11100
cmm 11, 0. 11100 0111 cunni 11, 00
comnis 11,14 doctis 111, 90 111111- 0111 nummo 1100
11111,οθ 01111111111111 100
0111111 11, tt. 77 caninas bucon 1,0 ’
campani 11111 11, 01 venati 1111191 01111111111011 11100
Campano Lym 1111, 110 11111119 01111 1, fit
011ρί111111ιί 11101 111111110 oanis 1110. 1140. 11140 0111111
Campis Myrinis 11, 40 ' 111, 47 Turnat 1, 04
eampo Elysio xit, 00 ¹ 0111111111 111, 009
01111111111111Λ4 11111111 1111, 0111111111 11100
110 111111111100 “ 0111100
01111111 1111111111 100 0111111179 1111111111 11104
Campus two. 1, 21). 1, 0. 111, 14 0111111120. 11107
noer 11147 011111 1119
0111 ix, 17. 11117 0111111,οθ 11· 0111111190
1111 11, 20 1111111117 1111111ίί, 0111111111 11, 04
tt 111111111οὓ 1111111111, 40 pelle 0111101111 111, 17
11177 ρα11111111111111,00111111 01111111 Pollione 11, 01
111109 vines 111, 00 Cmttre 11110. 110
011111 tumulata 1101 cantaret 11110
0111111111 171 0111111090. 117. 1,10. 111, 40
011111 1,07 0111111111
011111 11, 00 011111 vi, 01
Canaque 1, 10. 10. 11, 40 01111111, 10 cantata 11114. 11, 01
1111110 01111111 nnn 111, 100
cum xiv, 101 01111111111111 1111, 77
011111111ῑά1 1, 71 cantatque 11101
&nem favente 1, 00 0111111111,οθ
candet· 111, to 011111 1111. 11,οῦ
0110111111 111, 44 cmm 11, 11. 1140 ·
candelabrum 0111111111 11140 113· Canthus xiv, 100
neum 11144 ‘ 0111111 11100
0111111111 111, 40 cnuto 11140
0111111111. 1140 concordi· 11, 0111111111οΙ
10 111111111 111177. ’1,10 1053· 01111 111, 018
0111110 1111111140 Rom· 1111, 011111111111111111 merto· 177
11 1111111111. zita und· 111111,11.1111.11,11.1,1.ι,11
“’ 1111, 40 caumata· 11101 ·
0111111111 tm 11, 91 comat 11109 canunt 110. 11111 ·
0110111 110110. 1110040 0111110 1111111111οθ ·

 

