xxxiv

111 1118811111 Rhodopeius 81
cultor 1111ῑί111111 11111 11 legum 1,
calui· 11,1 11111 11, 84
01111111 14. iv, 18
0118111111111111, 77 ,
cutum 1, 118 1111118
Cultu· 1, 87. 1111, 88. 81. 71. 1,18. 88.

111, 88. 111, 111 focus 111, 18
0111111111 11, 11
01111111. ii, 81. 11. 17. 11. 83
011111118171. 1111 1111111ΰῶ

11111111, 88
Cum 81.8
Cumque 11,1. 11
Cumano pulvere 111118
0111118
1111111111 ·
0111111111. 118. 11, 78. 11481111

11111 118
8111111111, 18
0111111 8 1. vi, 88. 11, 88 animalium

1184 8111111111 18
Cunctos 111, 48
011111 117
011111111111188
0111111118
0111111171. 1181 111111, 18 fetui

111, 11 1111111148
01111111311111 18. 11188
0111111111 11, 41
01111111 11111111 111, 81
01111111 iginus 11, 1
01111 1117187 euno 11, 14 11111111

vii, 17
01416111 1141 11111111, 81 1111111111
Cunnum 178. 1181. 111, 11. 11187.

11, 81. 11, 17 vetulum 1, 88
011111 111, 18. 1,18. 1178 gntus 111

81 111111 111, 11 ’
011111111111. 111, 111
Cuperem 1,81
0111111188
cuperet viii, 78. 1, 81. 111, 78
0111111111 87 ·

0111111111, 88. 111, 11. 1118

0111111 87. vi, w. 11118. 111, 117

0111111111, 1181

0111111118111 11, 88

Cupidinei 1181111111, 87

Cupidinesque 11, 11. 1111

cupreo 11, 87 perue vi, 11

Cupide 1111111 1178

01111111 nun· 1111, 11

Cupidue 111, 11

0111111188

cuphis& ⁴0⁰⁴· 181, 2⁶· “r 8710· ne
1. 78. vi, 81. 111, 11. 48. 81. 78· ix,

INDEX

⁵2· ιω· 15¹· Heme 3118·οι ue
111, 17. 418188

Cupieque 1, 71. 11181

Cupit i, 11. 118. 117. 11, 4. 11, 1118.
ω· Vffiffl· lpse fimf· [17. 1101

01111111, 18

gupueno perpetue 11· 71 111111, 11
11188

01111111. 11, 8. ν,11.11. 11. 1181.
111,11.1111,81111111111111 dueu-
11111 viii. 77 11181111 1,1 mun
1111111, 18 1111111111, 88

0111118. 11118 1111111187 pelleu-
111 11, 8

01111111, 18

1111111

Curandum 11, 74

Cerere ri, 81

0111111177. iv, 81. vl, 88

Cum 111181 requiete· 1,18 1111111111
1811811187 1111111111 188

01111118

0111111 1111

01111811 1188

011111184. 11188 [1111111118

011111 118. 111, 88. 1118 ‘rever 11,

011111111181

01111 1111811111 18 111111 111 1, 47

01111111 188 ’

01111184

current 111188

011111 11, 87

0111111117

0111111, 18. v, 18. 111187

currente 111111 111.·78

Currenti 111, 44

· Currere 11, 8.· 11 41. 11111. viii. 11

01111111, 18

(latren, 188

011111 111281

01111111 viii, 18. 1, 88

Curris 111, 11. 1111, u

01111111. 11, 14. 111, 18. 81- v, 11.
81. vi. 48. 111, 88 ’

01111111118 ·

cnm 8111111818 311111111188

011111 111, 47 neuneu· 111, 14

011111111ίί1, 188

0111111,11.111181111111,184

0111111818 · ⁴

011111 1111111 111, 87 111111111, 18

Cumque 11111 111,- 81

0111111118

01111 lutere 111, 11

011111 11111 111

cum 111111 111, 111

Cum 11111 11, 88 v

 

