11 11111111.

11, oe 1018111 111,1 dolonn· 11, 70
Maligna 11111 111, 88 “
111111111 paupertatem 1111, 88
1111181111 11, 87
111Ιί3111 111, 81
111113111111 11, 81
munigno igno 1, 98
Munigua· 111, 98
1111111111 1, 98 hominem 1,98
1111131111 111, 79
ninia 11, 98
111111 regnis 11, 109 temporibus 111,8
1111111111 11,8
181111 11, 89. 98
1111111111 111, 87
11111111 11, 1. 11,18. 11, 19
Manu 1, 88
1111111 1111, 81. 11, 19- 17. 91. 11, 19
Malo 11, 91. 71. 111, 88. 88. 11, 88. 11,

88. 81. 111, 98. 1111, 8. 11, 89. 99. 111,

98. 81. 89. 78. 80 81811 111, 88
unorum 111, 88 81111111 111, 90
Mulon 11, 90
1111111 exoneratum ventrem 1, 18
1111111111 111, 88
malueris 111, 8. 1111, 199. 111,9
1111111 mollibus iii, 89
1111111 1111, 70. 11, 8
mlum 111, 88 11111111119
111111 11,1. 11, 17. 11, 19. 111, 99. 111,

,89 livor 1, 88 181111 11, 88. 11, 89
Mamerco 11, 88
Mamercus 1, 98
1111111111181111 1111, 117
Mamertinum 1111, 117
Munium 111, 89
1111111 111111 1, 191
111111 pannoso iii, 79
1111111111 1,101
1111111 1,191. 11, 87. 111, 99 pne·

iii, 98
1111111 111, 88
1111111111 Spatalen 11, 89
1111111111 111, 119
1111111111 1, 98
11111111 11,80.1,1
Mancino 1,11. 11, 81
Mancinus 11, 87
1111811111 111, 11
11111111 1, 87
1111811111 11, 19
1111111111 verba 11, 88
11118111 1,101
11118111 1111, 88
Mando 1, 89. 111, 97. 111, 09
111111111181111 111, 98
1111111111 111, 79
Mane 1, 89 111111 111, 89

Manen 189

9111181111 7111, ⁸8· fl· {⁸9²

1111111 11, 87

111111111111 11, 18

Mune 1111, 11

111111111111,89

Mna 111188, 11188 puio· 1118

11111111,78.1,88

1111111189

Magoni! 11111 11,,7 1111111111 111,

11111 1, 99

1111111111,19.87 biudis vi, 98 1111-
111 opus 1,9 exigui· 1,οῙ libidine·
111 111, 98

1111111111 111, 8. 88

1111111171 11, 8. 111,1

Manifesta 11111 1, 81 , .

Manlius 11, 88

11111111 1, 81

1111111111 1,11 inquinatior 11, 01

11111111 11191

1111111111111 11,89 ,

11111111 x. 11

11111111 111, 99. 111, 188

Mantus 1, 89. 1111, 78 pam 111, 108

11111 88. 1,18. 11, 90. 1111111. 11,
¹⁰· 11182· ⁶2: 661 11, ⁶20 8, ⁶⁶· πο
11,70. 111, 88 11311111181 1118-
111 11, 78 cern 11, 89 1111111811
fabrili 11, 81 smine· 88 1118111111
11, 99 0111111181, 89 ingenti
11,8 11111 111, 88 mamone· 111188
Mentorea 1181111111 pocula 11, 80
111111 libellos i, 88 8111111111
1111111111 11111111111 11111-
11 11,111 11111, 80 111111 11, 11
semidocta 1, 99 simpliciore 111188
111111 111, 918 Tartessium 11, 18 te·
1111 11, 87 11111 11, 79 1111111111,
91111111 890

· 111111111119. 11,11. 1111881111.

Manuale 111, 81

1111111 818. 1, 99. 1191. 1111, 89. 89.
1, 98. 11,89. 191 insertum 11, 78
anon-nnn 8111111111111-
1111111119

Manumque 11,11 doctam 111, 89

ΜΙΠΠ8 slo- l⁶⁸ m· ipa· 111481 1,, ¹·
⁸⁹· 11611 111,.119ὕ1 9111801811
8¹· ix, l· ᾗ· Ι, ⁵⁶⁸⁶·- Σ11, Μ· liv.
8³· luewaow, 'min buln fl·
11189711111111Λ1 11111 1,11
felix (1111111 1,199 1111811. 111111
111, 80 1111111 111110 gelat· 1,9
gemina 1, 10 improba 111, 18 1113-
111 11,1 minoren 11,1 11111810

 

