1111111

Sybarimque 188 ¹
Syim 111, 188 111111111188
181111, 88 ·
8111111111, 8
8111111111111 18
Symmachus 111, 18
Symplegade gemine 11, 88
symplegmate 11148
8111181111 i. 88

Synthesibus 111, 1 innumeris ii, 48
Synthesis 11, 48. 88. 1, 18. 111, 141
Syre 11311111, 48

Syri 3111811 rii, 88

Syrie 1, 18

Syro· 11111111 11, 48

Synna longum 111, 88
syrmate 111111 ir, 18

Syrie 11, 8

syrien· r, 18

Syrorum 1,18

Syrus 81111111111 11, 88

Τ.

INDEX

111111 1181. 81. 114. 11188

1111111111, 18

1111111118. 11188

111111, 88. ii, 11. 88. v, 88. 11118.
11, 8. 11188

1111111, 81

1111111111811,88 11131111118 111-
11 111, 818

111111118111111 11, 88

1111111111 1111111111 11, 8

11111111111111188

111111 Averni 111, 41

11111111111,18

1111111 81111 111, 81

11111111 ri, 8 1811111188 1111 18181

1111111111111111111, 11

1181111181

11111 111181

111111111111188

11111111 1, 81

11111111 1, 48

Terinaeum

1181111188 · ..

1118111181. 1114. 1118 111111 11,

1181111181

11111111 111, 8. 1, 88 multipiici 111, 1118111118
188 111111111811111111184 pri· 11311188 auriferi 1118 8111111118

me 111, 188
1181111 111111 i, 118

11111111 1, 18
113111111 i. 88 “

Τ11111111 111, 88. 111111. 11, 188. 88 1131111111111111,88

multiplicer 11, 81 111111 111, 8
11811111 brevibus 18
111111111118 1131111181
1111111ιωί 118. 11181
1111111811.
11111111 1111, 88
118181 1111111118
1111111111, 18. 11, 88
Tibula 1111111 111, 11
11111111, 41. 1, 88. 11188
1111111111 11, 48 ,
1181111 xii, 88 1111111111 1, 88
1181111111,88
1111181111111111, 88. 1188
Tm fiyme ffiy‘fil '2⁶²0 x, 1⁰¹
111111111188
111111111118
111111111888
1111111118. 11, 88. 11188
11111188
111181111188. 188
Tenebo 111, 48. 111, 88
11111111111,88
Τ111181 i, 88. 11148
1111111811
111111111118111,81
11111111 111111111184
Tm 13 ⁵¹0 181180

Tagumque 1188 11111111 11, 88

113111 11188 qui 11111 11111111 orbe
111118

1111818. 111188 81111111 11188

'mem '0⁴⁹‘ 118115,

Tflless i, 671 burm

1111818 111111111,11 pre-rrum
ebore 111, 14

11111144. 1118. 18. 11, 88. vr.
14. 111188. 11, 48. 1, 88.88. 111,
88 11111111 ix. 8 11111111 xi. 14
11111188

111181111184 1111111184

111111111188

1111118. 11, 48. r, 18. 48. 1118.
7111881 viii, 6181 ¹1⁸²· 8181 lii,
8. 88. 111188. 111,18.88.11

1111111 1,1

1111 blando 11, 88 1113111111 11111

&iiiiii

11111 1111118111 111, 18

1111111118

Telum 1111111111 viii. 18

11111111, 14

11111118

111111 1, 88

1111111111, 18

 

