11111

1111111111 lx, 01

mmmm

811111111120

1111111111 uuum 11, 81

1111111111 tomacla 1, 12

rumai· 11111121 1, 80

1111111112

1111111111 1111128

fumet 111, 221

1111112111111111111 iii, 82

1111111111118 nigros 1120 11101
118

8111111 1111111111 11112

81111111 lagena 11122

fumoso Decembri 1, 22

fumum omnem 1111, 82

2111111101

Fundam 1111112

81111110111111 1111 112

Fundanum 1111118

Funde 1128. 1122

fundens 1111, 82. 22

Fundere 11, 01

Fundet 111112

Fundi 11182. 11112

1111111182 1111111111, 2 Patrensibus
v, 88

1111111111 11, 87

1111111111 122

Funera ix, 70. 11, 21 2111171

Funere 11111111 S 12

funeratoque 111111 11111

Funeribus 1112

Funeris 1111, 77

Fungo· 1111111 111 20

Funus nobile 1111, 82

Fur 1, 21. 11 17. 72 11111111 1, 12
1111111 11120

11111111 127

Fumea 1111111111, 10

Fannius 1111 80

Furem 11122. 101. 1121 aunum
11171

7111111110

1111101111ὺί 11118

Fures vetuli 11, 12

1111118

111111Ιί dente 11, 72

rusia· 11 111111 11111 ii, 18 emenus
1ο11111111111182 ⁴

Furibunda 11, 21

111111111128·

rufi· 122. 1181

Furit 1111 88. 20. 21. 11, 20. 1, 10. 11,

1111111117

11ηὲ13, 21. 1122. 11178 cognitus

711111 11111 iv, 88

11122Χ

Furorum 1, 88 ’
011112111111111111112 1111111111

11, 82

furori 1111111 111, 10

11111111 1110 11112111 1111

Furta 1, 28. 11, 22. 1, 2. 11111. 111,
02 deprensa 128 111111111120

1111111111 11171

Furti· 11120

11111111 bombycina 11, 20

Furtim 1111111 1117

1111111110 1111111111121

Furtum 122

Fun 11111111 iii, 88

2111111211 1, 22

11111 11120. 1111, 81 Lycoris 111, 12
1112111 11, 28 111111111110

111121111122 Mareotide 1112

Fumo 11111111127 1111111111

11111122. 11128

1111111111, 71

811111111111 minu 822

-11111111 111,

1111111111, 122

Puteo· 1111111 101

1111111172

Fuso mero 1111, 22

Fuscaque 11, 81

1111111111 111, 87

111111111821 128. 1111, 78 :pers
12 11111111111111,22

11111111 11, 20. 28

8111111117

1111111120 ’ “

11111111 118

Fatuos 1101. 1122

81111122. 1181. 11172. 11, 81.
27. 11178. 112. 112272

1111111111 20. 11102. ix, 12. 70. 1,

1111111111 102. 1121

Futuilmfi· 111411 1111791 5³³³.
,11101 hstium· ἣιωι Qu·
18. xii, 28

8111011110 112

11111111111111112 marafim

111111111101

1111111102

11111111 11187. 11, 22. 1110. 111,

Putationis 111111 1, 127

1111111121. 11, 22. 11102 Memphi·
1111111180 11111111111211111
11118

1111111111 1127

1111111111 1, 71

1111111111 lingum 1121

fututrici 111111 1122

7111111111 1, 81. 117

 

