111 1111111111.
1111111111, 111 1... „mongum

111, 77

8111111 1111711111, 777

8111111111, 41. 111, 77. 71177

81111111117111, 77

simplicibus 111111 11, 77 1111111, 77

Simplicium, 77

Simplicium 11111 1111, 77 11111111· 11,7

Simplicitas 1111171111, 47

81111111111111111 1111, 77 1111111111,
77 11111, 47 .

8111171111ῐὶ,77 111,47.11,77. 111, 77.
111, 717

8111111111111,74.11,77.11,17.1,77

8111111111, 17 11, 77

8111111711 11,7

8111111111 im

8111111111,77

8111111771

8111111 11111111 11, 77

sincerior viii 77

8117111 111111· 11, 17 1111171111 11, 1
’11111117

81111, 74

8111111117 111,77.11,7

8111111, 77. 111, 77. 1111, 77

8117111111 71

8111171111, 77. 11, 77. 77

8111111111 111, 77

Sinistra· 111, 77

8111111711111111111·111,47

811118Ἇ.11,7.1.17.1,.771111,.77

1111

sitire 111171
81111177. 1147171. 77 inguim
1.,111 wrm, 111

- 8111111, 47
“ 8111111117 11, 77
1 8111111, 77. 111, 77

8111·· 11, 7 . .
8111113711 v, 11 81111111· mm

· sobolem· 11, 77

8111111111, 77 sinuavi, 77 1111 viss

8111τί111, 77 1111· 111, 174 verh'ffi 1,OE

8171111 1111111111 177

8171111111, 17. 77. 11, 7. 111, 77. 77

8111111111, 7

socen-3, 771 11, 71

8111111, 77

811111111,77

81111171111111,77

8111111, 77

ΜΝ 71188

saman, 77

8111111111, 71

8171111, 177 11111111, 77 -

8171111111, 44. 11174111711111, 47 ’

81711111, 1711, 71. 11, 77 pumma!
11111111,17411111111,177 ·

8171111, 17 1111 111, 74. 111, 11 1111111
1111,11117.1111111,77.111,77 veteri
1171111111,47.1,17 ·

817111111, 44 ’7111111117 11111 11111-
11111, 77 111111, 77 111111, 77. 111,

11,71.11147.77.111,777011111711 8111111111,771111111,77.1111,4707-
111, 147 1111111111, 77 tepido 1111, 11111111, 17 1111111111, w 11111ιὴ

77 11111111, 74 111111, 77
81111111 11111111, 47
8111111111 11111· 1111, 111 1117111177
811111111111111· 11, 7
8111111ἰί, 7. 77

8111 1111, 71
81111· 11, ssim· 11, 71. 1111, 7711111,

1111117111,Ι 17
8111111···111,71
81111111, 77
8117111111, 117
811111 1111111111, 74
8111111111 turbt 111, 77
Sisyphimquiessx, 7 111111, 77
81111, 77
8111 1111111111, 177 .
81111111, 77
81111711111,77
8111117111 1111111· 11, 17 -
811111 11,.77111,.77 11, 77 11171111,
77 1111111111 117711111117111 117,

111, 7 11111111 11, 77 1111111, 77

711111111111Μ 1171111177 11111111
111,177 111111, 77 .

811111 11111111 11, 77

Solaque 11111111717

811111, 47. 1111, 74

8111111 11, 71

177 1111111111, 77 1111111 1111, 77 7117111111,17

81111,77.111,77.11,7.1111,7711171ο
111, 44 nimio· 1111, 77 mdiu 11177
8111111111111177

811111 111 77. 1111, 77

8111111117, 77

81111111 111, 77

81111111· 11, 77 .
8111111111,7.1,44.“.74111,7.77 ·

· 81117111, 7. iim. 11174. 111114

81111111, 71. 11, 77

Solane 1111117711, 77
81111111111111111, 17

81111111 1111111111, 77 1111111111
8111111711111, 77

81111111, 77. 111,11.11,11.111,11

 

