ΙΝ mmm.

611111 11.101 611111 1110
Geumi 1101. 11170 610111 111188
Gom 1, 11, 00 Gorgon ix, 10
61111111 110 Gomon· m
61111111 111, 17 61 11111111 1110
61111111 11181 611 1111, 01 1101 100. 1100
Gemit 111, 01 6110111 11, 19
611111 111100 11111111 11, 71 61111111 tripu 11111
Geta 1110 61111111 11, 101
61111111 111111 6111011113111 1,18 11111110
6111111111 11, 101 6111111 010111, 11 Ganymede ,1,11
oetio- jnvem 11100 libello 11111
6101111911111 vii, 01 6111111 1,110
6111111111 1110 61101111 1111
6111111ρωί111 111 61101 laborioso 111, 10 primo 1, u
Getico tergore 1111 11111 1,11
610010111111111011111 111, 111 611011 1,11 1111111101
11μ11101111,11 611111 im
6111111 xi, 01 · 11110 poeto 11, 11
Gigantei triumph! 1111, 00 61111111101 111, 00
0111111111 111110 6111111 1111111110
011110111111 oneum 1, 01
6111111111 11, 10 611111 nachan 1171
61111111 11, 91 611111110111 11, 11
611111111101111,90 (inimum 100
cheina 111, 07 61111111 111, 00
6111111111 1,11 Gramine 01111 11, 91
Gladiatores 111, 10 6111110111 11, 71 indocti· 111120
Gladium 1,11 nummumque 1, 00
611101 11170 61111111οω11101 bellu· 111
6111011111 01110 ommam x, 70
6111011111 11101. 11110 611111 11110
611111111110 Gnade 111111111100 ingenium 11, 11
6111111110 5131111111 meritum 111100 no.
61111111,οὕ men 111 om 1,0 pretium 11,
6111111 1110. 1117 100 So 111111. 1111 11 inunum
6111111111111111 1110 sopho· 100
61101 111, 00. 1111 1111111181· 6111101111 11, 10 11111111111
1111117. 11, 10 6111011111111111100
crue· 1111111111οω1 111, 00 Gaude· 11101. 11110 1111111ιί11,
Gloriasm. 1,11. 11. 110001· iv, 11 Syn· ,1,11
00. 11011. 110). 111, 00. 07. 611101 gum 11117 011101
11, 4111 611 Ι, 661661 ffipsso xiv, andi! v, 01 ‘fflfl 6 1 11, 61 ἀπ’·
91 dulei· 1111, 01 felix 111100. 1, 1110111111,91 1011111110 corpor·
09 0011111111, 100 11111, 101 111, 91 111101111111, 00 verb· 11,
11111111 1, 00 1111111110 11111111, 00. 1110
10. 111100 1111111111101 primu 611101011111011111111 1110 1111111,
1170. xiii, 91 quum· 11,01 rm 11 mermi· 1101
010. x, 00 1111110 1111111010. erudis-acuo 11,1 011170 fibula
viii, 10 11101 1111 111, 10 111111111100
61111ὺί1111 01 1111111199 1111 11171 1111101
1111111111 111, 11 hm 1,11 virgo 111,· ’
6111111111 1,91 6111011111,00 secretum 1110
0111111111. 11100 6111111111 1111 11, 09
1101101101 61111111111111111 111, 11
6111111110. 1110 euphimiam 111, 11
6111111 111, 181 6111111, 09. 1,11 1111011111, 10
mycaenorum 11, 10 111111 111, 10 1111111110 ptumi·

 

