81111 ’ 111811

Soleo 111, 88 111818881118 1878 ..
ml. ¹¹80 1118681 N, πο V, 781 ,11. &husun 1, n· ,11 πεπυ '132⁴1oe.

8. 11, 70. 1. 18. 111, 88. 88108. 111,88.80.98. 1811118111...

1111,.,88111187 88.11,88.11.,.188.188..8111.88.
88181(1181)188. 81 Mani 11. 88 ui. 88. 111, 88. 88 81811 81188

8118111888 8118118118 18181818 &tunsis 8111111811. 87
881811, 88. 8118. 78. 111, 7888. 11, 88811811888811, 88

88. 1,.8878 1118.88.111,18.8811181111,9881181111111,81

11111.1111.1,11.8,11.11.81 8881881, 78

88 1111,18.17.88.98.188.111.11. 88881111,81 81111111, 17

89. 88187. 888. 818 - 888811 81811111, 88
88111, 88. 11. 88 8881111118 111111“18.ἓ8181181818;11181111,88

88 81811118
8811 (1 181818) 88111 ι, 117 Setini 81111 8871881198. 111, 80 1111811817, 88 11-

’81811 11, 89 1818188811. 88 1188188181888111118
881881881811888888181188 88818811,118.11,81 1181111881 111,
88Ιί8888188 188 18118181 111, 88 1881118111, 98
88881888881881111111 8881811811,88.11,881111881,80
8888881888. 111, 78 8881811118 87. 1111, 88 81111811 1111111
8811811111 8 88. 11. 71. viii, 88. 11, 1181111111. 87

88881188811188
881181111ιί, 88 118111,88118881 111, 8811111111, 78. 111, 81. 97
80711111. 8877. 11, 88. 111. m

8818111 , 8811811811, 88 ΡΙ1181111· ιι, 88
8811811111’,1 8881811181 18, 88
8818188181181 888181888”.88
8818881881118188 ’ 8811118181, 8888. 11. 18

8188811118181111. 111, 8811, 78 11, 18111,
8811118111111,18 811188

unte 88181188888811888111 888118881888 ’
⁰⁰ 8881188.11,78.81.88.1118 111.
881181181881118111. 88 18. 88. 188. 181, 81. 78. 1880. 88.
818181181888888811.81 1,88.11,8.1111.88.111,168
8111181111 11, 881, 88 81111181 ιῑι.ἓ818111.1.,11,81
81111. 18
88811111. 1181. 11118 8888181888
Solium ΜΒ, 78
8811181118181. 87 88881111,81
88111888 113881111888811881111, 88 8811111111, 118
8811111111,78.1ι8.1,18.11,81. 11, 888888118881118181118,18
78. 111, 88 . 81111-1181188 8881111181, 88
88118811, 88 sopho-w. 111. 88 811818. 1111
8818888181, 88 . 1811811188 88811181
8118 8888 (118188)ι 88 Ι, 77 1813188818ιὶἱίΙῙΙΨΝΙ mm
801811888181.88.11, 18 80 8111811111, 71. 81. 108
88181 viii, 88. 1888 81811, 88 orbo· 18881118
, 888ιά811881 118111111811111111, 88
8811181111, 78
8818881888. 1871
88118188. 11181 881118111188. 11, wa, 18
8811811, 188188 8818188118811,18.88 αι 11, 8
88111881188818111111, 88 81111111,88 8111111111.1011811,87
88111118871181111, 9.1ι,.8 89..188 81111111,88888811181.17 811811,

11,78.1111,89.111,188 8711111,,981111881811111111,
8811887111, ⁰ 8. 717. 71 .
8811111111, 8. 18. xi, 81 summm, 88
8818111,18,11.88.88.1,.89 1188. 8818111111 8118818111, 88 8188118111
11. 88. xiv, 818 8183181, 108 118111 87

 

