111 11111111

91911191111111,70 ’ 81111 9111911117 ficto 11119 ug'*
1’111111111111111111,98 un 899
Febris 11117 emm 11, 81 quarum Fessaque 11, 79
x. 77 reram (111111) 11,70. 189
Petenti, 99. 48. 1081199. 1111, 74 Petam 1111, 991111, obsum 11, 99 11·-
Fecere 1, 19. 11, 99 uuum 11, 19
Feceris ix, 99 Ferunt 81. 1111, 79. 111, 19
1111111 111, 94. viii, 99. 111, 909 Ferarum matutinum :iiim 1111191111
1119111111. iv, m sm
11111, 14 81111 811. 99. 98. 1, 99. 90. 1,19.111,
8111111111, 91 190 91111111111111197 spemn 1111.
recisse 1, 9. 1, 90. 11190. 11, 10. 78 1111111111, 98
99 8111109111) iv, 70. 1179. 1111, 19
1111111111 Femquu 1, 89
Fecisti iv, 80. viii. 74 81111 11144. 11, 79. 1199. 111, 79. 89.
recu 11, 14. 11, 8. 79. 99. 111, 97. 1111, 1111, 49. 1, 87. 11, 94. 84. 111, 81
⁴¹· 7³· 781 il, 60177199· Χ, w· 971 ῈΕῘΕἻΠΕ ¹18⁰
11. xi, 11. 111, 11. uu. 111, 111 11111111.81ρήωιίϋ.10
centum ampluum aqum 11, 99 Perculit 11, 91.
refellit 1, 110. 1, 49 Pero 11148
Felicem 11, 19 1111111111, 0
Pelices 1, 9. 9. 90 unici 11197 111111 Ferebnt 1180
1149 uugm 1101 1111111111 11, 49 81111191 11, 97 ..
1111111911... 1111111111911311111..1.,
Fuficium 1, 90 999
Felix 1, 97. 99. 109. 11, 79. 1,8. 11, 81111111 1, 78
99.79.111,9.8.1111,49. 11, 1891. Feri 1131189
49. 97. 1178191. 1111199. 111, 1111111111
199 Antonius 1, 99 Aquileia 11, 99 1111111111
· meu 1111, 09 autumnus 1111, 1191111- 81111111111811111111 11199
111111,9981111111111,99.1,89 111- 1111111194. Ι
11111111,98 luen 11149 1111 11, 99 Feri, 819 1111111111111111111111,
opus laborque 1149 Pomona 1, 90 74
purpura 1111, 8. 08 1111111111νί11, 91 m· Ferit 89
su vii, 89 1111111 11, 17 tutela 1,1 11111..11,1111.ιιοιυ,11
1111 11, en
811111 11, 99. 90. 89. 11189 Petitur 111, 94
reum ii, 79. 11189. 11, 89. 111, 10. 07. Ferocis apri 11, 98
11, 9. 11180 feror 11, 99. 111, 81
fellator 11, 99. 111, 74 Furux 1111118199111111111119 *kp
Fellatori 11, 90 111 179 ’
Fellatorque 111, 99 ferrament: 1011111111 111, 90
renatorum 1199 Ferre 1, 9. 99. 109. 179. 1114. 11,
Fene x, 49 90. v, 77. 11, 98. 111, 19. 9111118.
1111119111 111, 99 79. 11, 9140. 109. x, 19. 11, 99. 111,
Femur 11, 79 femurque pussi 11, 97 99. 99. 11119
91111911111111111 nuru 1, fl 811111111- Fene· 11111111 1, 98
nu 1191 81111111 11199
Peneum 111114. 11, 18 Ferre· 111, 99. 11,79
9111111111 11, 47 Ferret 819. 11, 1. 11110. 111, 71
Putaui· 1, 97 8111111111, 97
Fer viii, 89 Ferri 11, 77. 11, 71
1111819.19.111,10 Ferro 11, 49. 111, 94. 1199. 119911,
9111111111 1194 111011111111,98.11,97 99104. 111, 18. 111, 91 mm 111,

11111111 898 1111 814 91 1111111811 stricto 1, 90 11111 S
1111111111.. i, 01 11

 

