111 mamm.

1111111,ι1.1,11.11,11. 11108. 11, Ν11111110111,81
80. 11, 1. 88 111111111141 111ρί 111188
1111111011111,88 1111110 pulcherrima 1111, 78
1811811118 8011111118 cocta 111, 81 1111111 111, 148
0011111111 1, 18 0118111118 Falerna 1111110 11, 80. 11108. 11, 18 1111111 1111,
111,]84 81
1111011111, 88 1111111111 11, 80
810111111188. 11, 87. 1111, 118 Num 111, 88. 11, 80
81111111, 18. 11, 108 01111, 18 puella 111118111188 111101111188 11111111,
111, 18 48
Maure 111, 81 11111111 111, 08
81111111 111, 180 Num 11, 81
8101111111, 88. 40. 11, 47 Narrabat 11 , 88
Mum· 1,8 11101111 x, 80
1111111111 1, 108 Narranti 111, 108
1111111111, 11 1111110111 11, 88
81111011, 80 Narrare xii, 08
8118011111, 80 1111111111 111, 88
8101101111 11, 18 Numa 11188. 11, 87. 1, 18. 111, 81
8111101 1, 88 1111111111 1111, 11
8111011111 11, 88 Ν11111 111, 80. 84. 87. 1111, 8. 111, 88
8111011181 pueri: 111,·18 1111111111 11, 78. 111, 8. 1,11. 1111, 18
8111101111, 188 Ν1π111111 11140
8111111180. 11148. 11, 8. 88. 1,14 Ν111011111,08
cun 011111 1, 88 1111018111, 80 1111111 11, 88
110101111νί11,ἱο 1111111οεί1 111, 18
Mutuo· 11010111 11184 Ν1111111111111111,78
Mutus 1, 80 Nascantur 11, 88
Mycenis 11, 88 Nascatur 11, 48
Mycena 11, 88 1111111 111, 1 1111111101111111 1, 8
11101111, 84 docti 111181 Ν11111111 templa 11, 4
Nym: 11111 111, 88 Nascentis putris 1111, 80
Μγήιιο low 111, 80 Nascere 11, 8
811111111ωὸ88 Ν11011111111,04
myrobalanus 111, 81 Ν11011111 1140
Myronis 11, 88. 11, 88. 11, 81 Nasci i, 88. 11, 8. 1111, 84. 11, 81, 41.
11111111 11, 80. 111, 118 111, 18
Myrrha 1110111011 1, 80 1111111111 11, 18
8111111111 1118181 olentem 11111111 Nascitur 1, 81. 108. 11181
1181 111111 0011111111 11, 08
Myrrhina 11180. 11, 8811, 10. 111, Nasica 11, 10
Ν111111101111,84
”“ ,a 81111001104
Myndo 1, 4 Nun 1111110 111, 81 100110 1, 18
Myrtea 11188 Nasone 1, 88
11111181 0110111111, 88 1111001111 1, 10. 111, 44
Myrtilus 111811 Nasone· 11188
Myrtus iii, 04. 11, 18 ’ Nasoni· xiv, 108
M 11101η1111110811110111 1111, 81 1111111114.48.111,88.18811111111011
5¹¹⁸ 111,11 11, 04 rorantem 111, 81
Nuus 11118 aureus 1, 88 indecens 11,
11 1011101111οῦ 11111111 1180
N, 1111111101 11, 84
Nantua 11187. 11118
Nevit 1, 80. 78. 107. 11, 0. 88. 111, Ν11101111111,88
18 “ Nm 818. 1181. 11,48. 18884.
11111010 1, 08. 11, 40. 111, 11. 88. 11, 84 1118. 111, 81 11111 in 1111111 11111101
11111001 11, 88 1111, 118
Nam 88 11111811 1, 80

 

