11111

Ρ11111111ο 1110

Ρ11111 11111 11111

Parcus ,101

Ρ1111111 volucrem S 10

1111111100 ’

Parem 1110. 1, 11

Parendum 1150. 11, 01

Panem 011. 1111. 111, 1. 111 1111
1111, 11

Parumque 11111

Ρ11111111 1, 0. 1, 101. 1110

Parente· 111111 11, 10

Ρ111111 1110

Ρ1111110111,11

· Ρ111111111, 01. 11110 boui 1110

Parem 11100. 1101. 111

1111111110. 111111. 11, 101. 11110
1111111, 11

Putet 1111111111 111, 01 01111111, 11 su·-
dongehu 11, 01

11111100

Puri jugo 11, 11 1111111110

Parin 1, 01. xii. 11

Bulbus 111111 11111 11111 1111, 11

1110111101

Pudente 1100

Ρ11111 Phrygium 111, 01

Puri· 11 10 Dumna 11, 101

1111111111

Pariter 1110

Puri 11 xii, 11

111111 11, 11 0111111 1, 10 1111111 111,

Parma 11, 10. 111, 110

Parma 11, 11

Pmo 11,oe

anemi 1111

Paro 11, 00

1111ρῶ11111 1111

1111111111 11011 1111

1111111111 1111 1111111100. 1111. 111,
10 1111 11, 11

1111111111 11111 1111, 10

1111011111 domum vii, 00

Ρ111111111 jugo 1110

Parrha-10· ’1111111 11, 00

Ρ111 S 11. 110. 111, 10. 111111 11111

1, 80 111111 001111111111111,
11 1111111 81 unt 11, 11. xiv, 111
Fun 1, 11

Ρ1111 11, 00. 01. 1111111. 17. 01. 1,
0. 1111. 11111. 11. 11,.111

ΡΙ110111 11111· 111ῃω μ1ω11161
. 1101011111111

Putes mille 11, 11

Parthenium toga 11, 00

1111111111) 1111, 10. 111, 11

mboque 1110

11111111

menium 1, 0. 11, 1

1111011111 Palatium 11, 10

Ριηῑιεπορω 11, 00

Ριὲὴεῗομωή 111 11 11· ud&

Ρ1111111111 1, 10

Ρ111111 11, 01

Pathum 1111

Patho- 1, 00 pimus 1, 11.

Ρ11111111 1100

Ρ111111111111 1111

Partitis 11, 10

11111111. 11, 10

Patitur 111, 11

Partim! iv, 11

11311111111111111111 11111111

Pom 11111001. 1101 m dm
01111110 1111111 101, 01 m
1100. 11110 1111111100 mh
110. 111, 01 1111111 11.oe- 1, 11
0111111,01111111111,111111111111,
11 1111. 111 111111. 111111 ιιι.
111111, 01 mix. 01 munh
1, 01. 111, 10. 80 1111 11111 nh
1101 111100 1111111101 adh
111111111111 11111111

Ρ111111111 1111

011111. 00. 1111. 1101 affixit.
100 11111111,οῡ 1011111011111
1111111101

Ρ11111 111 ,

Ρ11111,1(1111011110111ι111

11111101711311111 Imm! Ui
1111 1

01111111111111111 ιώ· 1, 01

Paruit 111, 11

Ρ111111,10.11,0.10. 1111111111
x, 10

Pam m 1111, 11 11111111 1, 1 ub
111, 01 1111111111, 00. 111, 11 101
111100 proti· 1100 “Nm-¹⁸

1111111 11111 1110

Ρ1π111131111 1, 01

Parvum 1111110111 111, 01

Ρ11111 1111111111, 00 σιμ 111 B*
111111118

011111111110

Pascat 111, 00. 11, Β. 01

1111111111 11, 10

Ρ111111 110. 11, 10. 1, 11

Paci 111101

1111111111,οΒ

11111111, 01

111011181111. mml. 1118.
ιι1

11911111 111. 11111. 1οἎ 11111

1111111 11, 00

 

