80

11111117
11111 111, 71
1111111171. 1, 7. 1172. 1, 42

1111111111, 27. 11111

1111111171 11111 1111127

Μ111111111717 1111111ιῆ127

Μ111111117. 11, 87

1111111111, 87 97. 111, 81. 111, 111

11111111, 27. 1178

1111111187. 11117

Metuo 111, 149

1111111111 111, 7

Meum 11111, 72

111111111111111112111, 1111111.

1111111179 11111111, 27

Μ111111, 47 11, 12

1111111117

72111117

111111111111111, 87

111111111111. 122

123111111177. 11172

1111111111, 72

Miles 1127. 11, 47 coronatus 1118

11111111 111, 22

111 etun viii, 28

1111111111 1177

1111111111ὶί, 8

1111111111, 77. 111, 72

111112711111111, 122

1117111111, 74

111Ιί111111, 72

111111 11, 17 71. 1, 22. 1197. 111,
22. 97. 111117. 77. 11, 72. 77. 78.
1,12.71.111,222 7111111127 111-
11111127 111111171111111111,71 11-
brarum 11111111 11122 nummo· 1,

771111111171 1111711117, 72 11- Μ·

(111111, 87 1111111111, 97 1111171111, 82

milii& 1179110711 11151441 17, 1⁶0⁶!-
77.1,82. 11121111177711,
17. 1 11. 41 77. 1122 quinque
11711111, 72 menstrua iii, 17 pauc·
1117 111111, 12
1112171111, 81. 111, 12. 1111, 12. 17. 1,

’ 41. 11, 77 711 quinquagenis xii,
77 1111111111, 98 1111131111111
87 1111111111 78

111111111122. 111, 12

11111111 122. 111, 122

1111111111, 122

11211111111 11, 77

111111111187

1111111117. 41

Μ11111111, 11

1111111 hostiles· 11, 72

Μ11111111111827 grandibus 111711
11, 28 1111111124

1111111111311111 111, 172

minem 11111111“ 11, 24

ΙΝΒΒΧ

1111111111,..77127 11,27.1,7 bd·
iigem 1111 (1111111111 1111111111,
42 01111ρ1111172 mrim, 12

mmmm, 47

11111111 nme 11, 17

Minimum lucernum 1111, 77

11111111 111ρίΙί11111 viii, 77

Minimus 11111111 1119

111111111172. 11, 12. 11127 11111·
1111117 1111 11, 12

Minimus 141

1111111111, 28. 11, 27. 111, 22 facunde
111, 74 111111 111, 78 solicitus 111, m
1111111, 77

1111111111 111, 74

1111111111ήί 1111111111, 127

Μ111111111111 iii, 82

1111111111, 78. 11, 22 111111 1111, 77
11111111 1111, 72

11111111111111111 vii, 72 pellicibus 111,
27 111111111, 178

Ministro 11, 27 11111111ιὶ1 11121 1111-
co iii. 72 securo 111, 74 tomo 11, 11

111111711112. 11118. 111111. 11,
22. 77. 1, 98 111112111111111,17
1211111111, 77 mneos 11171 side-
11111, 77 1111111111, 77. 127 1171-
11111, 27

1111111111 .1111111111” 11, 77 1111111111,
27 Phrygiarum 17

171111711111111,127

11111111178.99.1111,77.47. 1172.

27.122.1,79.1111841.71171

ix, 48 11111” 11, 77 111111 111117

11111112 1111111, 112 1111111111

1, 77 1117111211, 78

1111111117. 1, 87 1111111,124.

111, 89 11111111, 28 111111, 77
1111111 pennu 12

111111111111171

111111111171 1111111111

17111111ιί1, 72

Minorquei. 17

1111111172, 1127. 1, 72. 72. 11, 1.
7.11. 111, 7297. 99. 111177 71
77..77 1,127.11,27...777781.

ῗέὸΜ. 72. 77. 27. 111, 47. 121.

11111111 1111, 71

111111111111711 11, 71

1111111111 111, 78

Minyas 1199

1111111171

Μ111111111177

Μ1117111, 24

111111711ωὴ187

111111111817. 111182. 11, 81 11.

¹gin viii, 77 111111, 22
11711111 S 2

 

