1181 . nou 1111121211 111. ·

1111112211, 112] 1121121 unani 2221212121211. ’
meimmnpom. , 1212222111. 1111121 &ml

1212. 2221. (1121122 112 1211111 2112 12222121, effundat.

22111221 2221121· 221221 1112221212 21222μ111211122212212 112121. 11.
2111 Romano 2221221 lib. 2. 2212. 11.

1 nuum] 1111221211, 1112221211·11222122,1·2.]11121212 211112.
1221211122,22222122111121212 curm, 22,] cium mm,
21122221222222222222221. 1111112 221111222122111122122121· 112122.
euim 122222211221211212121212221 11. 1111. 2. 22112. .

2112121. 2 112212 1221222112] 122112121-

1 122221222221] Ρ21112 2222- 2111112 incultos.

1121 1122121 21 2212212121211111. 11 Pudor 112, 112] (122 211221 212
2221121111. , 212221112112211222.

1 Pascitur 111, qm] 12121. 11. 211- 12 flu, 12] Pudice· 21 mm
211, 2211. 2. 12112 21211221] 112211, 2121211221.

2211222212. 11212221. 11122121111111111222

22121112 [aa] 1121112 2122121 122122211122ὣ22112111, 22112 21
11221222221122111211222112. Gn· vivum 2121211212122112111211111
1121212222 212121121111122212212111 1111, 2111112 1211111121 2 1112212111
221121112121111211112112212. 112121. 1212111 121211 12122121 11222112 21

, 21. 1111. 1. 2212. 12. 1211212212112112 anomali-eni·-

11 1, 2112112] 1122211121 12212221 11111, 11211111122112,2112·
21 2211222211211211 2222122222211· 1221111112 2 11121222 21 112122122121
111121222211212. Anien] 1211211112 2211 1112212221111111222 21111112·
2211112. . 21222222211222121, 2222122111·
. 11 12211] 121112. 121221212211212111111 1121122222-

11112222121211212121121121121 2112 221 in 1112111, 1222 quoda 11
uun· 12121 221211 1211121 qnod, 212112212221111111, 211 1222122121
221121211ῗ1221212122212222112212Μ 1. 1212121221 11212121. Pam
1221212121
· 12111221,1·1.,]1)2111111 112212· 1212. 2211122122, 12](121 1111
12111211111112112212112222, 21212121 111221 12122111212221212112121121
212 2111111212 1222112121 122221. a! 21112122.11.1111.1.2222.11.
81211211111112Π121122111212222. 10211221122212121111211-
libitia 2222222121121122112112111111 1121, 212211, 2111222 0122112112ιί·-
2121121. 112122.1 12. 11111. 1211. 1. Ρ2- 22212 1211211121, 1222122222, 21 2121111·
2212] laetula· 1222Ιί2 2112212 11121 221121 221122 11221 111122122ᾶί21·-
fut 21 2211112111, 2222221112 12211221· 2212112222 lu 221212 2222212212 1112
lm 111222 22111111 222212 211221211- 12121. 11. 2111. 111. 1. ,

’ 1212111 1212212111. Ani 212122122- 1 1121221111111,112.] Non 212212
2212-11211212212221112. 111121121- 21221211022111111112 12212 2221 1211.
2112112111111. 1222. 11. 2221211 2112111221212122 2211.

2 uma, 11] 11211211 1121 in· 2212121212] 2112111111 Lade, 2112121
11212212, 2121211112 cineribusque ur· 11222211. 1112 22122112121222121111111
nm 12112 1111122212. spicam-pn. 1112211112 111 Corinth. 21 111221. Ep.

112121211222111122, 1211211. 1121· 1111112122.11122221.121.12.11.
11] 122111211221212111222221. 112- 1121221. 111221112211112112, 22-
2112212122 Ρ2112, 1111112111 lun 222· 1111111112 cm. 1122211 121112, 112.
2121121212 21 1222211221 121222. Pol· 1211112221. 1221122121211122222
11221212 222212] namma& 2212· 2112 Capitolino 2221211111, 12111221

 

