ΙΝ mmmm.

11, 84 medin 111, 81 1181111 11, 81
1181111111, 91

111111, 119. 11, 41. 1148. 11118. xi,
88 lascivis 111, 91 1111111111, 84 pflu-
811 11, 88

Puer 1114. 1189. 11119. 11, 7. 48.
⁸⁴· Vi, 10· ²8· vinu· 8⁰· Vm, ⁴⁰· 11,
9. 11, 88. 111, 888 8811111111, 8 care
1, 89 8118111118. 111, 898 Dacus
i, 88 8111111118 dignus 111811 11, 89
dulcissime 11, 87 111111 1181111811
11111114 Hannibal 11, 44 insignio
11191 1111111118 inuidioso 111, 178
(811111111148. 111, 118 Phryx 11,
81 raptus vi, 88 1811 111, 88 securus
1, 81 1111111 1118 mangonis 11, 7 1111·
111184

Pueri 1. ⁴· 111, ⁰⁷· iv, 8· 181 71561 ix,
⁹· 391151 n· 1, ³7· 62· li, 81 ⁸⁹·
xiv, 84. 171 comoedi xiv, 814 18111
11, 88 111311811181 viles i, 48

Puerile supplicium 11, 89

Ρ1111111881ροῐι ii, 78 ’

111111181111111 vi, 88

Patrique 1, 8. 11198

11111111, 49. 78. 11188. 89. 11, 41. 11,
691 81,151111,18·1111 liiistiio 11,,
18. 89. 189. 188. 888 levibus 11, 88
1111111181 111, 18

Puero i, 89. 11, 81. 48. 11171. 91. 11,
⁴⁹· 11118111 ihm-”⁸ 511 Χ, '1⁵- li,
48. 1111, 88. 111, 81. 48. 88

Pueros iii, 88. 11, 48. 1,18. 11181. 1,
88. 89. 1189. 7818. 88. 111, 88. 49.
97. 111, 41 111111181181 ix, 89 iru-
8811188

Pnerque i, 88. 111, 88

Puerum 1, 7. 118. ii, 44. 48. 11, 48. v,
49. 11114. 1111, 49. 11888177.
1194. 98. 11178 brevem 1117 11111-
iem 11189 181111111 1111, 88

Pugillares citrei 111, 8 eborei 1118
1111811111 111, 7

1131111188

11311188

1131111118

Pugnam 111, 88

Pugnant iv, 88

1111111119. 88

1811111111 191. 1111, 88

pugnemus 181

Pugnet 111189

Pugno 11188

11111187

cxxiii

ΡιιΙοὴε1111111,88

pulcherrimus 1111, 89

Ρ11111111 11. 88. 199 111 11, 89 jugem
188 Lycoris 111178 1111111118
11811, 88 Vienna vii, 88

Pulchre 1, 18. 1188. 11198. 11111

Pulchrior 11, 48. 1, 19. 1189. 11, 18.
1, 88. 1189 1818111181

Puieii nigri 11188

Puiico molesto 111, 88

118111118111178. 11, 88 1111111118

Puiii 11, 81 gallinacei 111148

Polio cucullo 1, 18 1111111 111, 181

fflmffiffi

Ρ1111111,98. 111188. 1, 48

Pulmone rubro 11, 84

Ρ1111111111,77

Puipitai, 17. 1, 88 1111118111, 89

Ρ1111181111, 18

Ρ1111111. 87

Palm xii, 191

111111 ii, 11. 111188

11118119

11111811 1117

1111111 niveum 1, 18

Ρ111181181111111 1111, 8 111111 xiii, 85

1111111888. 1, 88. 1, 88. 1188. xii,
88. 11188. 111, 48 8111118111, 114
11118111, 71 111111, 18 magno vi,
18 1111181, 88 Siculo 1, 88 1111 111,

11111111 jub· xi, 84 ,

Pulvereumque hippodromon 11189

Ρ1111111111111, 81 1111111111 11, 19 111
1118

Ρ111111111111111,8 ’

Pulvis 1111, 8 1111111881111 1, 8

11111111 1111811 111, 88

1111111111 81111187 manu 1, 41

11111811, 118. 11, 10. 111, 898

Ρ11118111 fontibus 11, 87

11111811 aridi viii, 78

Ρ1111118 111, 818

1111111111 armato i, 44

Ρ1111111111 111, 818

1111111 111, 88 8111111118111 meio 1189 “

Puncta 111148

Puncto 111118 xiv, 17

1111118111, 88

Punico 11111 1, 44

Punici 11, 19

Punicorum 1111111111 111, 88

1111111188

Ρ18811111,89

1111811 iii, 19 homo vii, 199 onager Puppes x, 51

1111, 199

Puppim 1111111111 x, 88

11111111111178. 11, 88 Dido 1111, 8 Puppis 11, 88
monio 1, 188 Narbo 111178 nomino 1111118811, 1111111111,89118111,81

111, 88 ’

Puram 11, 88

 

