111 mmm· ’

'cmv

81111111111110 11111111 1111111 &nummumque 1111111 11,

1188 .

Sanctorum 1111111 1111, 80

8111111111, 10

Sanctum 1111811111 xl, 1

Sanctum ilicetum 11, 88 Priapum 11, 78

8111118111 11, 18

8111111111ιί1, 81

sandapila uagum viii, 78

8111111111 118

81111111

811111, 88

snguine 11, 10. ix. 8121111, 87. 111,
184 cognato unctum 1111111 11114
11111110 1111111, 88 Lycambeo
vii. 11 muno vi, 11 prim xiii, 111
11111118

811111111111118 11

&agninum humum 11, 78

8111111101

sanos 9111111111, 48

Statonia vitga 11 08

Samonion budocucullo 111, 118

8111111184

Sanus 1118. iv, 71. 81. 1118 Phi·
11111111 1184

Sapo 11111111 111, 88

81ρ111111,10

811111111118 .

811111111188

8111111108

81111181118

8111111188

8111111118. 1141. 1188. 111188.
17.171.77.1184.11111.11118

8111111111, 1. 11, 8. 11108

81111177. 188. 1184. 11188.
81. 111111. 118.11. 14. xiil,
8181717188. 111810

8111111111 78 melior 111118

Sapore 11111 xi, 81

811111111181

8111111111. 1 88

11111, 77

8111111 grundis 1111, 78

811111111111,11

8111111111ιί181

81111111111,81

8111111111 ·

8118111111 xi, ll

8118111111, 00 ⁴·

811111111111111.81

8118111181 miserum 11, 87

Sardonychas 11, 81. 1,11 1111111118
1111111117 1111181187

8111111]11111111111111,10

81111111 11111188

Sumit-remim

smtioe 1111111118

8111111111 genta 1111, 11

8111111111 1111111, 101

Sarmaticis 1111111111, 1

Sarmatico 1111111180

8111111111, 08

81111111 ix, 80

8111111311ιί, 81

8111111111, 104

Susiane 11188

8111118. 111104

&tellite 181

8111111, 88. 1178

81111111 iv, 88

81111111 111, 80

8111111188

81111111 111188

8111188

8181111111 xii, 70

8111111111 xii, 14

81811111, 88

81811181

81111 1111181πὶ111 unorum nitidique
111111101111111811111>118 ’

8111181111111811

81111108. 1118. 11, 00. 180. 11,
1081 inimo-'Qn- li'3w hil·
uio 111, 78 1111111111 iii, 87 1111111,

811111111100

8111111181

811111111118

8111111111111101111111 111184 111111
11180

81111111111111111Α8

Samni· improb· 111, 78

81111111, 48 ’

811111111184, 118 1111111, 78
8111111111 11, 88

είωωιιίδωῖἰῃῃο 7111 ω

8111111Ιί111 ulem 1, 11

Saturnalitia 11111 1, 80. 11101

8111111881 luto 111181 1118111117

811111111811111111 11, 18

8111111188. 1180. 1, 18. 11171
1111111111

811111111111

811111111110. 11181. 1111

81111118111111111, 81 · ¹

811111111118

· 011111111111

Sutytin x, 01

811111811. 11188 collui, 70 1111
1188 Terpsichore 11188

8111111111 11, 74

8111111111 1118

8111111111 011111111111,171 ..

8111 iii, 81. 11, 41. 1188. 1 87. 11,

 

