1111

8111811 111, 108

8111111111 111, 18
81111,118.1,11

81111111 1, 87

8111111 1111, 11. 11,11.’ 1, 81
811111 11, 81. 1,17. 111, 81
Numida 111311 111, 88 Rauda 118,
8111ῑί11111 1111111 viii. 18
81111111,10

81111111 cepa 111, 77
8111111111, 87

8111111111 11, 10

8111111, 8. 111, 11. 1111, 18
8111111· 1ιί, 18

81111· 111, 81. 1111, 80
8111111 11, 11

1811811

818111 1111, 11 11311111, 81

81811111,1

81181

8111111, 11

11111111,81

111881η11,80170.8,80111,0111,78

Necessum 11, 87

8111131111111187

81111111,17.111,18. 18111111 0111-
mianum 111, 81 11111111 1111,18

8111111· 11, 81. 1111, 81. 11, 87 abab
11 1,8 81111· 11, 11 8381111111 111,
887 (113111 1111. 81 lugo 111111 11, 18
111111 1111,17

8111111111 8111111111 181, 108

81111 111, 808

8111111· 111, 88

81111111, 88. 11,.88 11,.88 11118 8111118788111888811181.

8111118111· 1, 01 311111 111, 71
8111811817 compressi· xii, 77
81111 811. 1111, 81 111811 11, 81
811111 1, 87
. 811111 metallo ix, 81
8111· 11, 18. 1111, 88 puro 1111, 88

8111111181111101111188113-

11111111 1111111111 11,81. 11118.
8101811311· 111, 88
811111111,81.111,101 1111 11, 11

11,.871,77.111711111111111188
magnum 1111, 71 nujus 11, 78 m
1,111111111311111,71

81333011. 118888. 11, 18. vm
11

8131811 111, 71

81311111· 11, 11. 111. 71

8131811 1, 18. 11, 88

8138111, 08. 111, 17. 87

81311111,1 88

8131111111 11, 88. 111, 11

811111 11,88.1111,81.1,17 nom 8131111,88.78.11,11.81,18.8111,

11111111111111131111,11
81111111,81.111,108.118,88.11,81.
Num? 1111118111, 80
8111111111· 11, 11
811111· 11, 11. 111, 1. 11,81. 1181811,

118881111113111811
8111111181 818

8111111 81131. 8 11
8111111111· 111, 10
81111111, 101

12188111. ²¹¹ '¹

8111311818111, 01

18181311

8111311111· 1111 111, 88
8111111811 818
8111118311111811111· 11, 17
81111111· 111, 11

811111 Memphiticus 11, 80
811111, 88 3111111111, 18
811111 trepidi 111, 18
8111111· 111, 87

8111111 818

8111111111 1111111111· 11, 81
81 8 11

811 11181111 1, 78

81 111,1

11111111.ῃ1.11.11,11.111,
781, 1870. 118811117. 811

81311111111818

813111· 1, .¹⁰‘ 11

8131111· 11, 8

131111, 78111, 81. 11, 18. 1,17.111,

Ν11.11,101.1·11,71

8131111 11, 7. 1,11

81311 818. uo. 118. 111. 71. 11. 81.
πωηηηήηηκη
881, 11. 181871. 88181881.

813111· 11, 10. 1111· 11, 11. 11, 11

8131111· 11, 70

813111111111,11

81311111,10

813111·11,18

Νῳῗῆ 73 ιω· 'hm

813111 11, 18

Negemus 11,8

81311 111, 11. 111, 80

8101388 igme 783881 773101 1813851 1873

81311111· 111, 11
8131118 11, 18
8131111111, 81
fftffifflfflffi?

1111131· ..,1.

 

