11111 11111

1111111118. 1111. 11111 11181111 1111111118 equorei} 111181 1111111111
1, 81 1111111 1,111 111111 11, 81 1118 liquidis, 818. 1,1 1111111111
melior 11, 18 notior 11111 11111111 111,11111111111,11111011ιηί111
11111 1118111118 811011118111181 tumidis 111,181

811181111111111111111111. vivemus
Pompeium · 111111111ιῶ11 11,·11

umal· 111, 18 11111111 111, 11

Umbrum veterem 1, 18 111111111111. 11, 18. 11, 18 unctu 1,

111111118111111 01111111 1111- ω
1111181 1111111111. 1181 11· 01111111111111118
1111111 0111111188 81111111, Unguento 111111. 11111. 1,11.
181. 111 111, 81 niger 11118

Umbria 111188 11011111 11, 18 Unguentum 111, 81. 1111, 181. 118. 111,

81111111111 11181 118 1101111111, 11

ι 1111111111,181111111111,18.11,1 pum· 1111111111. 1,118 1151111111 1111-

11111111,11 11101111118 8011111.111,188

111111111111,181101111111,11 pugi· Unqulbuu 1,1 ineundis 1181 longis
111111 11111111. 111111 reu 11181111181111

111111..14οοτ1.ι11ῗ“1ι1’1ω111111 1, 18 11ξ11111ῗ111111118,
1011111, 81 1113111111 111, 1

8111111111 11, 18 Uni 0010101111 1111111111111,11

Um 1, 11 . viro 011111111ἰά.

111111 11, 18 1011111 1111011111 ι, 18 1111111, 181

11111111 1, 181 [1110111111

111011 1111111 11, 11 Unicum 1181

111011 1101111111, 11 unguento 1,11 1111011111 i, 81

Uncto 001111 vii, 11ι 11111111 1111, 81. 111, 18

111011 magum· 111, 81 111111111 1111111111

111081111111, 11 1111111,11.111,18

1111111 diebu· 118 digua 1,18. 111, 1110 1110 decia ugrum 111 111111
111 111, 88 001111 11, 11 die 11, 18

111110111 1111111111 ungue 1, gn 11, 18 11111110 118 1111011.
88 18 umine 11, 18 1111111111 111801

111110111118 1111Ιά111811 1, 81 11101, 11 '

1111181..11.111.-Ι1,11. 1,11. 111,’ [1111111111 18
18. 11,18111111111,81.1,18111- Unum 111111 11, 11 uerbum 111, 111
1111111,1111111811111 kiioulv,¹ 1111111118
181 1111111188 10011111 11 ful-¹ 1111111111ιί,8111111118
1111111111 Pugnis 11, 18 pm
1,1 pm 1111118 1111111188 · 110δί111118

1111111111 ,81 vomitu* .

Ufflivqw· 111111 11⁸¹ {musti ἱ, vmblm 1, 1181 11108
181 voe-hunw-

81111111, 18 Α vocabat 11, 11

11181111,18.1111.1,1 Β111111 11, 100111111181
18 1111111118 11. 11181111 11, 11 10111111111811111. 1,18
111111111188 niven 11111 11111- vomu· 1181
11111118181111111111· 8171111 11,· 110111111118
18. 11, 11. 1181. 11181 Vocant 1, 1811

111801, 11 1101111111,11

Undecies 1,8 11011111118. 1181. 111118. 1,11.

01161111111· ⁴ ¹ xi, 181 liv, 11

0111111111111118’ · 101111111,11.81

undecimi 1111 1111111, 18. 1111. 1111. 11, 11

11111111 11181 1111111111. 11118. 1, 18

1111111111,8 vom 111

[1181111111111 ‘ 1101111111, 18

1111111 11, 18

 

