cxxvi 1110111

Quindecies vii, 10 nctus Olympiada· 1101101111Ιο
011110111011111 gum 100001 11111111110111111010101,0
1001001100 171 jugules 00001 x, 110011 1100111178
08 1101110110 1101011 1100. 11, 60. 111100 01101111-
Quinqungenis 0111111101 011 11100 v'u xiii, 10 100110001100 uu 010
001000130110011110101 11111010 1110101011 111110 su 1-
Quinquaginta iii, 10 1101111 111110
Quinque 10110111. 1170. iii, 00. 1100101011101111,01 1010010100011011,
101100 8⁰· 010800 011. 000 7111,ῦῇ ⁴2
11, 8. 11110. 00. 108. 11110. Rana 11010000101111,00
111100 buin impressi ι, 10 conniti 1100001 011011010170
01170 11000111110 1001100111, 110001 cantatu 111, 100 10111010, 07
10 101101110111 1100011010010111,01
Quinquennin 0110101110 Rapo gaudenti· frigore 1111, 10
0010110101 100000 11170 11011101 nunu 11, 10
001010 111107. 1, 70 1100101011 11111 11100 00101 ui, 70
0011110111 110 1101101 milvus ix, 00
Quumque viii. 11 Rupe viii, 11
001010 11111. 00. 11, 70. 1, 70 110001011100 111
0010111110 1, 00. 118 11000111 111180
Quintiliane ii, 00 Rapiat 1, 110
Quintius ix, 00 1100110111, 00
0010101111. 11100 1100100101 111, 00
Quinto 111171 011010 x, 101 110ρί1110ᾳυὶ11, 100
00101001 1, 01. 11100 3001101000001111100
00101001 librum 111, 00 11001011,Ιο
0010100111, 8. 11. 10.110 1101110010 101010111, 11
00101011111011,0.10 Rapina xii. 00 100110 1111, 78
Quippe ii, 00 11001001011111,00
0011001111,δο 110ρί010111011,11 00111011,οΒ
Quirine 100010 x. 08 110ρὶ110111 01011001 1100
0011101 vicini porticum 111 . 110ρί001 n, 87
Quirino x, 01 1010010100 Rapiat· 111101
0011, utque 1010 inflexu, 11011101. Rupit 11 10. viii, 01. 1110. xii. 00
0101011110 1111111111100001. vii, 00. 170-
000111100. 100. 11, 01. 11111100. 11100. 11110
108. 00. 1117. 111100 11011101, 111. 11, 0. 107. 1100 po·
00010010. 08. 100. 11, 00 00111100
0001111000 0101000 111 11011100νί117. 11100 01101810
0001111100ιο 00010001 iv, 07 11111111 catulis 11111 luminibus 1100
Quotidiano 11011000 100 1101110111, 11. 1101
00011011, 100 1100101 Gungeticuu 1111, 00
Quoviucumque 1000 xiv, 1 ξιιριοηᾱεεεηο 11100
11101111
Ruptum 1, 00. 00. 100. 11110. ix, 00.
It. 1, 00 11111001 10
1100101311. iii, 2. 118. Bi. 11, 00.
110011010010810 0101101 110. 11100 hedui 011 010 lupi 1
1100111111, 00 18 Hyia 11 01001111. 00 puer
1101111101 x, 71 1108
hoeni· 11111011 iii, 00 1101101111 xi, 01
01001001 010110011110 1101001001νί0, 110ρο11111. 1110
80 11010 1100 0100010011 10 1101 n.

ΜΙ10118411Μ 78 ε101118181 1,oe 1111000118,
11011010 1107 munem 111101 010011 xi, 00 pnn-
111110000180 1010111, 07 1011011,οΙ miccius
0010111011 vnto 1110101110 toga x. 11
11111110 1, 71 11011 10011, 00

 

