cxl 11111

8111111,0.1,4811111111,01 SidereuchlonueM
bke 1, 17 hore 111, 100 1111111111, 81011ὲ111 11, 41 1111111011 moui·
01 ¹,
81111111 viii, 71 Sidonia 1111111 111, 104
8111111111, 041 111, 18 sidonio 1111111111
Sexte 11, 1. 44. 00. 11118. 11, 08. r, 811111111411111118Μ
18. 11180. viii. 17. x, 11. 07 fe· sigerio· 11111111, 70
conde 1,1 811111111111111,171
811011111111.17.1,10 Sigillum 111, 178 gibberi fioo'le 111,
Sextilianum 1104 181 ,
8111111111111,04 Sipme 1, 48
Sextilio 1118 eiam 11181.1,10.11,88.11,10 lc-
Sextium i, 41 1111111,11Μ11111111
8111111141 8111111111 11, 01 ’
811111111111171 1111111111· 81311111 1, 00 ,
811111111100 8111111,11.11.40.11,88. 1, 70. 11,
Sextum 11111111 x, 70 10. 111, 11
01111111,11.111,11.11,ι.11 lepis 11, 81111111, 04. 111, 70
101 1111111111
81111101.11,0 811111111117
811, 100 Signatus 111111111110
81011 ’1,01 8111111111, 0070
Sibyl 11111111.114 signet ix, 17
ἔδῃΙΙι 8111111 1110 81111111111111111111101111111111 1111,
'c 1, 01 110
sice 111, 10 Signinum 1111, 110
81111110 8111111 1111111111 11107111111111111,
0111111111 170 1111011111 11117
811111111111140 81111111
simin epeo 118 orbec 111, 04 8111111111
8111101111 11, 10 111111 11, 10 puelle 8111111 1101
1181 8111111111 11, 00 .
8111111111111,4 811111,οΙ
8111111 111170 8111111110
81111111 117 81111181
8111111111 11, 80 8111111111, 00 1111111111,οῦ
81111111111111 11107 11111110 8111111111
811111 11111111 genie 1, 10. 1111 81111111111,07.11181
1111111101 mooe· 11111111 cupillis 1, Silet 11, 10. 11, 101
71 8111110111 1170
Sicco grado 1, 11 1111111111 8111111111 111111 11,1
sicco· 1111111111 8111111111Ρ111111111,00
8111111, 0. 111, 1011 onyx 1100 811111, 14 11111111 11, 04. 11,,01
Siculo 1101111140 oven 11, 40 Silio viii, 00
81111111111111100 811111111100. 1181111110
811111111104 8111111111
Siculo profundo 111180 pulvere 1,00 811111111100
8111111 1111111111θο 0111111114 811111111110
81111111184 Ι 8111111111111111111,10
siem, 11 simon 11,1. o, 11. 11,1
8101111108. 111100. 11, 111044. Similem cercopithecon 11187 Iun 1.
71. 101. 1, 01 1111111, 01 horride 110 1111111177 1111111111, 10
111111(1.1.111111)11, 11 pigre 11, 8111111111,88.1111,10.1,00·1001111
40 111111111111 11111 gemmetic, 01 1111111111 11, 17.
811111 111, 01 0111111 11, 00 percum 100 tom 111, 08 “
lingue 1180 81111Ιί1111111111,101 11111, 41
Siderei Dci 11100 81111111,110.1,01.1,000111111111
810111111111111,171111110111,00 pompe 11101

 

