11 1111111111. 111111

1111118111, 4. 11,88. 11174. 1111, 11111171111811111Ν8
81.11,87.8,18184.1178.1147111111128888. 11. 48. M
48. 111, 148 1111111111, 88

111181111ιί, 21 Volui-etsi! ,

1111111, 44. 11,84 1111111188. iul& 148. 11481111,

11111111 111, 88 , 88. 11, 44. 1,· 74. 11142

111111111178. 11, 88 11111111111111111,78

1111111 1, 41. 188· 114. 11148. 111, 111111111111,88
188 111111111121

1111111111.18,,11.1ῐ,11 1111 1111118811, 24

1111111118, 88 1011111111, 12

1111111, 48 11111111, 88. 11, 88

11111111178.1,47.1,67 1111111111, 87

νοω.111..11,111..11,111 11,· 8. 1111111111, 88
1818811184 11111 1141111111 11111181. 88. 111,”77. 111111,
11, 81 1111111178 1111111111. 81

1111111 41. 111, 87
1111, 8 1184111188 1111111111 viii. 1111111111111, 18
74 111111, 87 111111 11, 4 vannum. 111148

1101811111, 8848. 111, 84. 184. 11, 47 111111127
1111111111νί1, 78 1ο111,48.188.11,44.1124.88. 111,

1“1111111111, 84 47. 111148811ῧῦ 1114881.

1111111118 111,1811111111,881111111,88 111·

1111111141. 111111. 188. ‘³2³⁵ 41181111 mium 11, 84 41111118

7111411111 public· 1, 88 11811, 44 1111 11,

1111111111, 7 88

1111111, 88 111111, 48 111111 1111111111, 77

1111411 1111181111, 88. 111, 88 11111111 1181118118· 1111, 78
1148111111188 11111 11, 47. 111, 7. 88. 11, 84. 88. 1,

1111111111111 ⁸ 87. 11, 88 4181114181118, 78411·

1111 1, 47 , 1111111111 1114

Voconi 111, 28 Votorum 11, 48141. 48

111111148. 11188. 1114148 11111111 88. 11181

11111111 xiii 74 111111, 72. 11, 82. 41

1111111118 1111,88.111,188.11111,“44.1,811181

1111111111 118111 11188 111111 111, 42 dinan 111-11111

1101111111 1111111111 ,18 1111114111, 8

1111111118 11, 48 11111· 1111, 88

11111111, 14. 11, 44 1111111181ιί, 8

11111141111111111, 81 1111113111

1111111117 1111111111ὴ1111, 78

111111111111111 11, 1844 111111111111111, 81 ,

1111111111, 78. 11118 Urbana 181111 48

11111111, 84 Urbano 1118411ρμ1144 81111 1112

1110111111, 48 1111111111, 87 .

8.1..1,111..,11.11,1,11, 111111. 1111111111, 82
111,7 11111182.8.4...11.24871172.111

11111811. 11881114 14. 4848118878. 84. 188. 71.

1111111114 84.111,8.84.1111181.81.11,78.Ν.

' 11111111111,184 1, 72. 11, 181 1148. Ι47 88111111.

111188811814811144. 1181. 11841111111111, 118 utinm.
771881148871181148 .1,88111μ888811ι118111118111
11,..4488184.111,1..8748.48.88 11141118811ὼ1188

11111111.1.11,1.11.11..11,11.11.

11111111 14111111 1, 4. 111, 88 111111 11, 71 1111111

1111111111 1111, 87 4111111118 14 11117

111111111,87114111111,44 1111111114 11, 7 411111111, 44 1111111

1111111411111178 1178 11111111 18, 87 himin 8.

1111111111, 44. 111, 818 84 5111111111, 84

 

