liv

9111119913 wrm· 9113591 919, 1 1919119
viii, 44

9114 ’1111199

9141111 1,9

9144 11, 14. 11149. 1, 79. 11, 79

9144111 18. 11197

91434414 111, 94

9143441414 11199

9143414 1, 91. 111, 99. 111, 09

9111341 1, 78

91431111, 94. 89. 11, 99

914311111194

91431141 111, 910

9141411111 1,9

91411119

9141414111 11119

mins ²⁰0 919, l

91411 11, 9. 11119

91411 xiii, 99

9141111111

9141141 viii, 77

9141414111, 49

numm 1194

914 1, 49

911144 144441 111, 99

9114114 14111441, 44

9141414 111, 99 1414 11, 99

911 1, 17. 11, 11. 111, 17

9114111119

9111441919

91111 x, 19

9111411. 97 4441111 11, 99

91494114 pruine 11199

114444 199. 90. 77. 99. 11, 49. 49. 111
θ’· 9111395466· 19394456· 911 Χ,
48. 1197. 80. 99. 199101. 111,

914441 0414911 1111, 18
9144411141, 99

9141144199. 198. 11, 104. 1114
9144441 111, 87

914319411194 4144414 ii, 17
91434114111, 99. 1, 19
914341114111, 49

914341141199. 11199 41411114 11, 49
9143111414 111, 99

9143111114 111, 77

914314 111, 79

9143141 vii, 99. 111, 99
9143141111, 99

Fhssm 911, ”e ’ὁ “
9143141441 1111, 99
914414141141,9

9141411141 11, 94. 11, 98
9144141411 11, 98. 11, 19
Flaminiaque 111179

91414114 1199 1111114 1, 49
91414414 1411 111111 144111 1149

mnex

9141111441 viii, 90. 4149 9431111441 11119

9114114414 1434 v, 19

914441411179. 11111

9141411144 leone 1, 99

9141114111 9 19. 1, 99108. ir, 44. 79.

“ 111, 41 41411111 111, 91 1111111199

91414119

9141414414 December 111, 97

914111 stridentes iniqui Aquilonis 1, 99

91114 1198 chrysendeta 1149 1411414
11, 99 1441414111,19

4111111114

914141 Chiae 111, 91

9141414414 1194

, 914144411 111, 97

914114 temple 11, 4. 99

9141114 344111 11,9

91414 metello 1111, 91 pulvere 111, 71

9141411114 1111414144 11, 90

914141 xii, 99

91441 11, 99

9141141111, 47. 111, 99

9141111111, 91 4141197

914414 1, 71

91441414 1111, 99. 1191

9144111111, 179

91441 11, 71

91441414 11, 99

9144141 1111441 1, 79 eunuchos 1111, 41

Flentibus 11141111, 99

91414 1191

914111, 49. 11, 98

9141194. ⁰⁰· 91193 ⁷⁵

91414 11, 90

Fletibus 1, 99. 71

9141111199

91414141 viii, 99

91411 11, 97

9141111111, 14

9141111144 149

91414 44414 41111141 1, 99

914141 ordine 411141 111, 99

91411 1411144 1, 99

114111 1197 94114414 1, 99 jocose 1, 1
4114141199 ·

Floralia 1, 99

9144114411441 1111, 07,

9141411, 91 perpetuo 11, 49

914144141141111, 77

9111144141 34441 111, 9 111144 11, 79

914144 144 11, 91

914141 111141 11, 19

914141 iii, 99

Florida 11th 11, 49

9141411 1111, 98. x, 99

Fluctibus iv, 91. 11, 41 ¹ Ι

914414111, 94. 11111. 111, 191 14111111
11, 49

 

