0 - lum ’

110110 1111100 1000111111 001ιο 1100 glm'n 1111,
Nummus 10 Inda 11100101000111κ 0000
1101001 1 100. 11,10.0,1. 11100. 11 101001011Μο 10 nm 1,1

100 im
Nm 1,0. 11101. ,1111 10. 10. 0101 111111ΙΡ 0100111000 11100 001100 infimu-
11010001 i, 111 100 0, 00 monela 01100
11000οι01101, 10 . 1101001110 tm vil, 01 10110 11, 00
110000011 0111010 01, 00 11110,οἢ
110010111,01 1101001101 lutia- 111111 m
11001110. vii, 11. 01. 01. 11, 00 1110. 100010111ω
Noni· 111 ⁴⁴0 111, ⁸⁷ Nom ΧῙῚ, 7
1100110 Mun 11, 00 01101110 ’110110 Nummum

ism 110100110111010. 1111100100000111
1100110 11, 01 Novembre- 11100
110011010110010011,0110111111,00 11000ιο00001010011,11
Namque 1, 00 11010000 1, 10
11011100 1“, 00 1101010011, 10. 1,00. 0, ss
11001100 1, 11, 1101010010,Ιο
1100111 Faustini 111, 00 1101010 0, 11. 00
11001110 0011100 11, 01 0001110 11, 10. 01 1101011101, 00

Nom 000010001101 Novi 1, 001101ιο 1100. 11,οζ
1100110000 111 11 ’ 1,0.

1100001010 1, 10 1101110,10.10,11 templi 11, 01.· 0111
11001100 libello· 1, 0 1101111100 0111, 1
1100111110 0011010 1111 ’101010 10, 00 1101101, 01
11010 011, 10. 00. x, 1. 01. 10. 01. 011, 1101101, 10 ·
01. 011110 0010100111110 100010 110100000011001101111,01 ·
13, n 1101111340. 07·Μο“ iipfflo monn·

1101011101, 101 11, 10. 00· fl. 11110110. 011,οἐ
Nou 00ρο01οι10 01. 10 001

1101010 1,11 10101001 10. 11 Novium 1, 01

11010000 01101 . Noviumque 11111 ·
1101001111 1101100101

Nautiorum 1, 01 11010 100110 11, 00 0100001,οΙ
110101100011,100 10101 x. 01 110000 ule· 0111, 1

1101001110 0011011000 10001110 1111 Novum 101000 01110 001001111οᾱ
1100000100 1001100010 11111 · -
1101010 x. 10. 10 1101001,00.111,10.11,10.1,00. vffi.
11010100,111,.11 ’ . 11. 0100 001100011110 11100101
1101010010111111 1100110011,1010110110100
110010ῐὶ100. 1,οΒ 1100100110,οα 1100000010.
110000 1000110111.οι 01 emim long-m 10001000
Notavi 11, 11. 11, 00 11, 00 101110 0111111100 0,11 niun 00·
1100010. 1100 011.10.011,00.1ι,11 00 0,οτ ·
11011 0110101110 . 110010 1103001101 00101101 10110
110110111110 mamm-uo 0,0 111, 01
0001001111 ’ · 110010001000.0
110110 111, 01 hybernis 1111, 10 11001001, 00 .
11011ιο11000 vil, 00 Nube 1110 1010000001, 10 .
1101000000ωο110,01 1000010111.ι 11100. 111111. 110.
11010 011, 11 101010111, 10 . 0,0. 0111001101
1101οΕ01101,1110110010000111 1100110110111011,11
110100 0100100 vii. 00 . 1100110 mun 011101
1101111011, 01. 01110 mugilem 1,10 110οἰ100 01, 10
110 nonomen 11100 1100100111
110100 ,1. 11, 01. 1, 11. 1110. 111, 1100111111. 111
00. 011, 10 001101 00110110 10, 00 1110- 110000 010010 01, 10

00100.1.,001101,01 110.. 01, r. 0.,00 10.-’110000
11010 110. 0111, 001 1100. 0, 01 nm· 000 111, 10 0011100111ὴο v, 10. 11101

 

