11.111..·1111111111111111. 1111. 11. lm

1111,Μῦ11111111111111111.111111111111111.111.1.

1111 11111 11111111 11111 1111111111 11 1111111111]Αά11111111111111

1111111111111111111111111113111.1’111 111111 11. 1111111111111
· 11111.1111.1111111111Ρ1111111 111. 111. 1. ue.

(1111111111 11111 111111,11111 11 11, 11 111111111111,11.]011011111111
111111111111 1111 (1111111111, 111 1111110111111. 1111111111111111111111,
11111111,11111111111111111111111ι 1111 1111111111 Aventino 11111111 111
1111111 111 1111, 111111111111 111111111111,111111111111111111111

dictu-2 ’(11111111111111,1111 ΙΙΙ incircum 11111.1111]1111111. ·
111111111111111111111111111111· ’ 118111111,11.]11111111,111111111

du! Ch! 1110 ”mmm ⁸⁰³st 11111 111111111111]1111111,111. M

111111ᾱώ111 eumin 1111. ur 1111111 mem] 11 1111 1111111
²0⁸⁸ ⁸⁸⁹⁸] Tu, 9¹0⁰* 1011111110· atque Athennmm (11111 1111111111
111 11111111111 11111111 Ι1111111111, 11111111111111111111)1111111Μὶ11111
fflffl’ 111 ⁰ 11111111101111011111111, 11111111111111111111111111111111111.
11111111111111111111111 1111111111 lm,
(1111111111111 1 1111111111111111 11 mm] summum,
ffis‘ffl 11111 mu] 8111111 111Ιί ⁸⁸· 11 1111111111, 11] mmmm. 11
11111111. 11111 11111111111111 1111111111, qnod
1 enin] 11. curio 11111111, 1111- 11111 111111111111111111, 11111111111-
cunum 11111111 111 1111111111111 111· 11111 11111111 1111111111 11111111111
111111111111111111111111 111111111111111111111111111111111111111111.
11111. (111·1111111111111111111, 111. 111. 11.
111111011111111111111111, 111· 11 Rubro 11111111 111111] 11111111
111 11111111 1111 1111111. 11111 11111111, 111111 1111111111.
1 11111111 1111111] 1111111 11 1111, 11 011111111111] 1111111111
11111011111111111 ‘conjux 11111111· 111111 11111. 111111. 1. 111. 1.
11,· 11 111, 1111111 11 1111 11111111, 11 1111111111,11.] 1111111
111 ilice 11111111 1111111111 1111111, 1111111111110111111. ‹
11111111111111110111111111. 11 migma, 11,] 1111111111 1111 111
111 quain 111111]1111111, 111111 111111 Epigramma 1111111111. Me*
1111111, 11111111 quau· 11110111, 11111111111111 1111111111111111111
11111111111111111111 11111111 11111· 111111 1111111111 ‘Epignmus'
,111111111111111111111111-11111.1.’11111111111111]’111111.1.11..1
111.1111111111111,111.11.11111 1111111111
111-111 1111111111 qui 1111111 1111111· 11 111111111111111111111] 1111111-
11111 111111111ς111111111111 111111 111111111111111π11111111,111111
11111111 11 1111111111 1111111. 111 1111111111 11111111 1111111111111111
m] 11111111 11111111, 111111111 111111111111111111111111.11111111
enin 1111111111 11111111111111 h- 111111111111111111111111111111,111··
11111111111111111 1111111111. 1111111111111111111111111111111111·
1 Snu- pm, 11] 11111111 1111 111,1111111111111111111111111111111111111
‘ran-inatus 11 11 1111111, 11111111 1111 1111111 11111111 11111, 111111, 11
11111 Diogene dubitare 111111, 111111 111111111111111111 quam 11111111
Qualia. 111111. vm· 1111111111. 11. 111.
Helium 11111] 1111111111 111 11111111111. 11111111·
1111111111 paeonio 1111111 atque 11111 11111111111111111 111111 111 11
autonomiam . 1111 1111111111 mmmm} 11111,
111111] 11111 11111111 111111. 11111 11111111111111111111111111111,111

 

