. 111181 111111·

111881111118 111111111ιὶ188
Μάθ 88011081 111, ’151 81181 ¹⁸· ²1· 11018188111181 111, ιω
48. dx. 08. 1,81. 1184. 11188. 181, Rostraque 188
88. 11111111 11111111 x, 88 ¹
11188111 xi. 40. 111, 48 ⁴ 1111111181 11, 08

111881111 1, 88 1118111181 118111111111 1111181 111,
Mfflfflffl 8η

8188111188 8181111188
1118811 1, 48. 118, 48 1111111111188. 11, 1
1118818181111, 8 nerem 11, 88. 1, 88
38881811 811 ⁸⁹· 1111811 811, dffi· Refffl V. 171 dl, ”0 118148. 1η
Mddlffi. πυ 'di’ ⁶⁵· 0111811 ⁸⁰· 18, Men ipwnwu 1111581 V, Β· ἢ, ⁸⁸·
lwffiffl hffimQWssustffiffi
Reddit 8, 88. 1, 48 811111111ιὶ1, 18
1118811188. mu 1111111 1118 111811 11, 87
Redditur 18, 8. 18111 111811 xi. 80
Redditus 11, 10
Reddunturque 1, 88
1111111111 118
1118111111,11.11,11.1,11. 111 gu ,
8181111188. 1,,101 111318111111111 11188
Redemi 11, 88 lugan 11111111 11, 80 .
11181111 111, 08 1181 8, 88 Regu 118
1118111181111, 08 81311188. 81, 88. 1, 80
1118111111 1184 Regem 188. ii. ω. 11,40
111811 888. 11188 1111111111 1, 81. 118. 11, 84. 1, 10
Redeunt 11, 87. 1, 88. 1118 11111111 111188 v
Redeunti· 111111 11,1 1111111188111 100.1, H 11111811, 10
Redi 118, 81. 71 Regu 11811111 1111, 88
1118111888. iii. 14 uagum 1118111111 11 1114
1118111111ιί1, 88. viii, 70 1118111, 88. 11180. 88. &M
1118111111 1, 0. vi. 71. 11, 88 111ρο11 i, 100. 18,4. 1, 88 nm
Redimiu 1111, 88 111, 188
1118111111 111, 00 111 ' x, 10. 11118 Co '¹⁸¹2ss
111811111111, 80 11188 superbi 817 11 ’8, 18
Rodia v. 11. 11111111 vum 11111111. 1111
118111’1’1“’1ω’“ὕ’“”ω’” 888818811111111111
1 1 ⁹ 1 1
1118111111 11, 41 1, 108 amomum: 12,ss 11111
11181111111.104 11181 11111 pud 11,oe 1111111111,
Minu 1, 40. xii, 88 48
11181118, 18. 88. 1, 87. 18. 1881 Regna 1,Ιο
111811111140. 1110 811111118147. 1, 81. 118 &mi
1118111111 11, 8. 111, 14. 111, 181 111, 178
318111118188. 118 8131111 181, 80
1118111181 xiii, 18 1111111111.18411111111,111 1111111,
11181111 11,4 40 Petilianis 11187 ·
111811111 111, 80 Regnum 11, 87. x, 80
1118111118,11.1,111 Deum 1818 Regula 118
11111118118 11131111, 88. 118. 1108. iii. 18. 1,
8181111111 1, 70 10. 81. vii, 18. 81
11181118, 74. 1188. 11, 8 Regulus 1, 88
111811811811111 18108 Regulus 1, 18. 88. 8, 71. 11, 18. 1, fl
1118181188 1111111188
1118111 11, 81 Regum 1111111111 1, 78
1118111 1, 11 1111 111111811111111111111 v. 11
11181111111 18, 80 11111311 11, 88 ·
11181111 18, 47 81111111111111111,8
11111181, 88 1111111111 118

 

