111 maruhan.

1111011111 vm

18111 severi 1,0

811010011148

18111811 11110

111111111110111101

AEdemque 111141

AEdoe 11107. 1184. 111, 88

AEdibu· 11110111 11, 02

1811111011 11, 47

1001111110

18111οω1 11, 47

AEdifieo 11, 47

,10011111 ,

Εο111101,84. 1111

11101111 11102

1810101111 1184 -

AEget 11, 81. 1147. 11102 ’1113101
111100

1113101111170

1111111111. 1181

Egla 100. 111, 00 (1101111178

Ξ111000111000101 11, 81

110μο 1, 10 dentem 1, 00

AEha 110

1111111 incundi xii, 24

,Ξ110101141

AEmiiin 1180

18101111 vin 111, 4

1811111111 geum x, 1¹

AEmilim 101. 1, 81

1811111101 111, 10

11110011 1110001111,οὅ (10011111, 18
111111 11, 41 1111011 11, 10 vina Tuscis
11011 1111118

AEmuhtur iii, 18

Ainea 111101 1170

AEnea 1,1

Aeni equitis 11, 21

AEnigmnie i. 01

A'e'no 111, 188 Agenoreo 1,10

18011 1, 80

AEoli· 01 11, 14

AEolio 010 val vellere 1111,οῑ

18011010 pecus 111118

1810111001 11, 18

18101111 1111101 111, 00

ΞφιιΙίι 111, 00

1810111011 gem 111101

AEqwe 111100

1040110111 legum 1110011001 0111101 1, 87

AEqui reverentia 110. 00

Equitum 1, 28

AEquor {unguet 1, 80

1810011814. 1111, 48 0111111818

Equum 11111010 xiii. 70 1010 810

111

1812100111 0000111 111, 100 1111011οι 1111,

AEquorei Anxuris 1, 08

AEquorein 11011 1, 01 undis 111184

Ε1001ω11011111818 nie 111180 111-
dente 1,14 .

111ᾳο010101,87

AEquum 1, 111. 101

1811 117. 77. 111, 10. 11, 0. 00. 11, 10.
27. 11107 iugentia xiv, 201 sordida
11,0

AEnriorum 11107

11311 1117 arguto 11, 21 1118001144
quaterno 11118 mio 1,18

AEripedem cervum 11, 101

AErugine 11111111 1181 1111111 1100101111-
101 1, 88

Ain 1101111111 111182

,1811110110 8111

11011110110101 xii, 00

181 i, 77. 11, 71 themanni 111188

AEwhyie ix, ⁵· ⁶⁸

AEsomde· 11, 14

181111 trigesima 1, 108

Estote x, 110.οσ

1111111010 1, 80

1111111111 0101111 1100

AEsmis ii, 80

1810011111 1, 80

1111110111 111

AEstimre 11,01

1811111 11011 111, 1

18111111 nives v, 04 umbm 118

1811110 imbre iii, 00 01111111, 18 te·
10011 11, 78

1111111010 101 1111, 01

1111101011ιο 1108

1111010111 131111 111, 20

,81101111 111, 82

11111011 11, 18

181101 1178 1111001100 1100011142

Ε11111,01.11,80.11100.1,80 bre·
111 11, 10. 80 110111111100 mitis
111, 47 1011 1, 88

AEute 111, 200

1131111111 1, 80 longum 1170

1111111121

1811111111 1011111111 viii. 77

Ξ11π111111111011 118

1811110101011,4 0111011111,20 10-
00111117 Virgilio 1102

1811111011 1, 00

18111111 111188. 810

11118111 11,8

AEthereu 10111 11114

1111011111 tum i, 4.7

AEthereo nectare 11, 8 Olympo 11, 4

1111011101 01101 111, 0

1811111101 puter 11,8887

 

