111 111111

1, 01 quies 1110 victima iii, 11. 111 Gremio 11101
01 (1111110111 ugia 11 07
1111111111 111 00 cmm licenti 110
(111111 1110 (firmumque 11, 00
1111110111ῐί1 11101 Grex 1110 1111111100 togatus 1111·
Grati· 1100. 1117. xi, 10 duplex 1111111111 11, 07
111100 1111111110. 11101 111111 (1111111111
111 110 Grylli 11, 11
(1111111117 (11011111 ix, 10
0111101 1111. 111111 (11111110.11117.170.11.00 hee·
(111111 1007100. 11100. 1107.1 1111111 111101 ingenua 11, 11 Ι
10. 11170. 1111170. 111, 01. (1111111170.111,10.1οΡ111ιε1111,00
0000. 111170 (1111111111
(11101111111111101 , (11111111 111110
Gratissima· 1117 Gulosum punem 1101
1311111111 11100 1111111100 ” (1111111111171
Gratulor 170 (1111011111 11111. 111, 10
(11111101111111 171 1111111 nimium lectore 100
Gutum 111, 01 11111111 nunu· 1111 Gulosus 11110. 111111. 1111. 11111
10. 11111. 11100 1111111101 homo 11101
Flam ¹, 70 111111 010 Gurgite 0111111110 1100 1111ρο11111 111,
(1111011110 1111111177 1111111111, os
01 December 11171 1111111111,Ιο (1110111111 11117
homo 1101 Gustatorium 11100
11111111111111 , 01111111 0101 .
1111111170. 110000 munus 11 (11111111ρο011 1111, 01
00 pretium 1100 1111111110. 11110. 1100. 11. ¹⁵
Gmem 1111111 ii. 00 eoronam 111, 17 (1111111101 grandi 11117
unnim 011 vultum 1, 01 Gutum Numidico 11100
1111111111, 17. 11110 mnus 11101 (111111111111111
1111 11117 eurio· 1110 luxu· 011111111111111101
111, 10 111111111111011111171 Gymnasium 111, 01
(1111111111111111111 11107
(11ἷο servitio i, 00 111 1111, 00 telos H
(111110111111111 011
Gravior 011 Curio Fabricioque 1110 nube 111110. 1111, 07. 101. 111111
(1111011111οω 100 1110101111 11100. ibn-⁸⁹· 11οθ·
(111111 iv, 11. 100. xi, 10 11111111 111 1, 100. 111170 .
110 m 1111001 ¹, u &mnu i, thut 11, ¹ss 1111911 71167· ,1111 “¹
00 0111111100 1111111 111111 111111110. 1111110
111 lungun! 1170 1111011101 1171 111010111100. 1111
sylv· 1100 1111111170 11111111. Habebis 111. 11110
11, 11 11111 111, 00 1110101 11111- Habebunt 117
mu 1170 11111101 et 11111111 nubemus 1111, 01. 11
0101101111 11101 1111111101.ωο 110 111111 11101
(111111111110 nabendum 1 00
(11111111 11101 11101111 110
011.111111,07.111,10.1111,10 1110111111.1.07.111.110. 11110
0111111180...1111ω1..11.11.11.111,11
Graiusque 111, 00 nabere 1, 0. 11. 11, 0100000. 11
(11131111111101. 111101. x, 00 Pi· 10. 01. 1111. 00. 111 11. 11111.οι
111ο 11 07. 11111 primo 111100 0101011117. 1110100 ¹¹·

Qurpureo 11100 Strymonio 11, 00 01. 10. 00. 00. 00. 101. 111010.
1111101111οΙ 111111110 100. 1111,111.11111.110.111
(1111111 viii, 00 (1110110111 111, 11 11101111110. 11, 00

§reges 1171. 11101 innumeros 111 111οα11 110

(111ιί0111111οι 11100 11101111 11171

(111ςί1 1111 10 11011111, 07 11101111 07. 111, 71. 1101. 11111170.

 

