ιιι 0111101100. 1001

Ionicarum 1013100100 0111, 01 00011180 11101011, 18111111 818
101111, 08 1111001 11178. 1188. 11188
1011111118. 01110. 011118 1οΙ- 11110100οε018

ιο 1111, 80 110111οἰ0, 88 110110· ιι, 104
,1111110100 ιι 10 111184.00.00. 11001148. 11, 10

11, 81. 40. 0111, 78. 011, 1 1101101101 1101118

011. 807 1101100οι0 188 Dimum 1101011, 100* 1178

11, l 11031· ιι, 81 1311111011 011-11311108 1101000181

018010 11180 0010110οι0 118 uo· .1001· ιι, 01

1001 111, 78 1111110,1010.11001110 1001 0011111101, 88

1111,Ιο 0110100111· ιι, 88 10οι1 1011118 100111 1111, 00
1011118 11, 10. 111. 88. 11, 108. 01, 1000100100110011111, 80

80.08..108 01118 10130000 81 1001141110

Phidiaco 11100 100111· ι, 80. 01108
1011110. 18. 11,.88 10,...41088 1001111184. 01100

87. 01178 01111101ιο 87 1111111011 10011001 ιι, 04

11, 80 fronde 111101 ιι 8 100101104
1011111001 1001 100101, 001010.1001011··ιι1 80 0001101, 88 110100, 88
111888. 1171140. 1110. 1111 1001011114

0188 3111111111 jum 1108 1001111171
11110000 0113010οι ιι, 84 10011100118011180. 11, 17. 01,
11110 01118 8.17.88.84.101,14.88. 11101.
1111111, 40 1111001181 0118178. 18100. 018180
Im! 11, 11 Justss slot 113591 111351 VWB· Ῡ111,
inum 11310010 iv, 48 0078. 0180. 01100
1011101111 11188 ,10011οΓ 1111, 08
1111010 cilicem 11, 48 1010001 01011· 111, 88 poeula 01, 108
1111011181 10111000 01184
Imm 11, 01 10100010 1111 1110
lusci 111 87. 88 100000111101101111111110, 47
111888. 171. 1100808. 118. ,10000001 0101010000110101 11111101

91. 111,.8.44 01 111110 im. 1104

101. 0, 10. 00. ιι, 1. 18. 80. 88 100000011180178. 011, 47
1111 01180 31011111 18 10010ιο00 1100111010ιο 11180
1101 88 ,10001010 pondus 11, 80
11110οί1101· ι1 78 ,100001 011, 07
1110101000οι· 11 00 1001011111. 111, 18
10010111·“ ιι, 88 10010111, 80
1110101111, 87 100111 118108. 1118. 18188.
1110101111 00011 1180 xiii, 88
111001 0, 40 iudici· 11108
1101 011, 88 miserabilis· ιι, 87 1001110010. 1187
1110100011]οι 01 100111000011,78
11110110ὼο1 emor 0100101 0011011110 10 1108. 1188 01111110· ι, 100
101011ωο1111110 11111, 88
11111, 115 ii, ιε 1031111 10001 0010010101 0, 88
100111 1031110181 1110. 0148 ιιι 88
1111 11001 1001101111011110. 0111101111 08. 10111 01, 88 0111111
lamentamus 1180011108 0111111118. 11,
11110· ι, 80 04. 11, 1000110101, 88 1101011111, 08
1101181018 8100101111, 108 iugeribus 1148 01111011οἰ1 11, 78
11110 1101110 111, 80 .1031 18111311. ιι, 78
1111010001 11010110 ιιι 84 10311 ιοι 00 1101010111ιί11, 00 libyci·
111881. 11170. 01108 11, 7ορ 0100101110, 88 11110187
1111110111, ιω 1030010010 111 111, 88 1000011187
1011111111,18110000818 1003011118 011111,
maanaim· 1, 5³ 18 111πο1110 11, 80 018010ομ 0118
111 0, 78. 118. 0118. 011, 47 0101110 0110111 101110, 18

1111111, 81. 1101. 111, 88 1010100188 103011111, 18. 111, 88

 

