4. 444.. 4444444444 44444. 414. 444. 1447

11444444411,14 441, 441144 4444 41114- 144444111414. qum 4444444414 4444141.
144144, 444 11444 411444. 44441441. 11411144414444 4444 411441 4444144444
11. 4441111, Romu 411444144 414114 41414, 444441441444 qun 414414 4414·
4444444144 4444,41444114444444 eo· 114 44441444444. At 14414 41 4444
14444, 41 44 444444444 144444444444 44114 44444 τορεύματα 4141 4444441.
1441111414444 1441444444 44 44 4111· 141444. 11444444114ἹΡΙ41111414444
141441 444444 141444, 41 vulgo 4444- 14414, 444 414114414444411444 14-
1444 41144444 4444 444444 4444144. 1441.

&lieu ejusmodi vitrei 4444114414 1 Nm, 44] Neque 444,41 crya·

· intellexit, quique 1141444 14444111 444· 1411144114, 4444414144 441144 4444. ·

114 venum 11441, 4444444 44144 diee- 1414414111. 11. 4444. 1.
144144. Atqui vitrum 444 414414144 11444444. 1 (14114144,144.]11144444
44444444 4411444 44 41144 4444444. 4444. Ε414441444.111.11. 4444. 1.
1444444 ergo 4141411 44441 4411444, 41 1 11444 1414 14144] N 411114 44111414,
44444 444114414 14444144441441444 41111411414415.
1144 1444444414 114411411 414144 4114 11444. 4444. 1 edema] 411144·
4441444414 4414441444 4441441444 11444, 444444 14144144 4114111444-
4444 44444444 4444 444414144 4441- 1444 114444441444, 44144 14444144
4444444 144444144144. Η144 441, 144444 441,(41 411144144114444144
44444 41111 1144114114 ait: 111. 14. 444414441144441 4141114414441 414-
Em. 111· ’14441144441411 Nili, 4414414414114411444 411441, 4441444
ὼ 444444 41444 Dum 44411, 41 4444414144144.414114444414441141144
ςυ11444444141144414444441Ἀ1444 41411,1141141444 14141444 1444144444 ,
141 44414441444411444,44141414411 4444441 44 1444414 141444 4441441,
4144144144. 11441.111.11.114.11. quod 1444 1444444111 44 4441444444
ι0444441444 41414414 441441, 414414- 44414411 An 4441444, quod 44444
4444444111 11141411 441144444441 1411 1444141144 4414144144444, 4441-
411441, 444411, 444144411444,144 441, quam 44 144144 4444 44444414441, 41
4441411. 4444144441441444144444 4444444 4444411 1114141114141144444.
441444444,44444 141141· 44414444· 1441444444. 1 (14α414,14.]1.44·
414441. Qui 444144 gemm sculpunt, 144144444 4444411444 444 414114411
444441 44444444 44144414 114 444441, 444441414444144441.111.11.444.1.
41 foraminatum 1444414441. 1444 Em. 444114. 1 Ρ444444] 1144
44441444441411444444444444441414444. Ε1444444444,4141 44444 1144444441
M 44444 14411 44444141144 4144444114
1 Nu 444444 4444414] 1144, 4141414 1141111144, 41444 444141 14414 11144114
1444444414, 444 444444 44 44 41144 4414414.
υ444444444114414411444, 44111444- 11444. 4414. 1 84444414] 11444444-
14111444444 444411 44 Ε4441114 11114 41441, 44144444 1141144414 41141444,
44414444 444441. Epio. 14. 111. 11. 44441114441141444.
(14414444 leg. 1144 44444 444444. 114444. Ρ44444] ’14414 44114414
m 1444444444 41144] curius 41111 Ρ444414, 444. 11141144.
411444 4414441114444444 4414444444 44 1 11 444 144414, 14.] 41444444 14-
44411141 444414, 411 1411144 4411· 1411144444.114144.1.111.1.4444.1.
444 414 4444144114 111. 11. 114144. 1111441144] 1114114 4444 14444444
111. ‘Accipe 4444111 4411444 44 444444 4441144141.
4414444 44144, 444 Surrentina 1444 Em. 44. 1141444414] (14444 144414
14444444 4414.’ 1111111 14444144444- 44141441.
14441444 441 444144441441114411441, 1114441114 m] 041444 441444
qm quod 1444 441, 44 4144 4114 14144 41414114. 14144. 41. 111. 11.

 

