· 1³52 ι 11111 1111111111 11

111111111111111,1111111111111“11111111 111111 1111111] me· 111
111111, 11 quem 1111111111 1111111111 11111 Ι111 1111111101111111.Ι1111,
1111111 111111111111111111. 11111111.11111111111111111111,11111111111
101111111,1·1.]Ῑ·1111.81111111111111111.Α111111.1111111,·1111·
1111 1111111 11 11111 libri 1111111111 11111111111111 11 11111111111111111·
11111 V. 111 1. 1111 11111111 1111111111 11111 811,111111111111111111,111·
111111111111 111 1111111, cujus 11111 1111 perdendi· 11 1111111111111 1111111
11111111 11111111 111111111111111.111111111111111 1111111. 11111111
Β11111111011111111111.1111111.111.111111 11 11111111,11111111111,1111·
11. 1111111111 1111111111, 1111 111111 111111
1711111 1111111111] 11111111 1111111111111111111.1111.
1111111 111111111111111 1111111111 1111 11 1111111111 11111] ‘emim
1111111111,111ι11111111111 1111111 quan 1111111, 11111 11111111 11111
paucorumque 11111111111111111111. 01 111 111111 ’1111111111 ab (11111
Em. u. 1111111111] 1111111111 111 mmuh. 1. 111111. 11111111.
Ερί1111111111111111111, 1111111111 11.
111111,111111111111 11111111, 1111· 11111111. 111111111111111 11111111
1111111 111111, 111 1111111111,1111 11 impostorem, 111 1111111 01111111
111111111111111. Ρ11111111] Prin! 11111111111111111111111111111111.
111111 11111111 11111111111111 φρον- 111111111111 11111111 quem 11111111
vua 11111111, 11111 11111111 melio· 111111 1111111111 11 1111111111 111111.
111. 1 1111111111 11111, 11.] 1111111-
1 1111111111111111111111111. 11111111111, 1111111111 111111111.
1 [1111111111] Ρ11111111111111111, 11111. 11. 111. 1. 1111. 1. Vema-
111111111111111. 111 1111 111 11111 dmum, 11111·
1011111111] Appositum quo 1111111111111111111111111111 11
11111111111111 1111111 11111 111111 1111111111 11111111111111 1111111111’
(1111. ⁴ 11111. 111111 1. 8111111. congreg·-
1111111111, 11.] 111-1111111111. 111111 111111 11111 11 1111111111, 11
111111111111111 1111111111 11111111· 1111111 1111111111, 11111 quui 111-
' 111111 1111111111. 1111 1111111111. 11111111] 1111111111·
1 1111111] 11111111111111111 1111,11111111111111111.
1111111111111111111111. 11111111. 1 011111111111] utquisque 11111·
1111111111 1111111111. 1111111111, 111 1111111111111 1111111 111,
1 Hm] Monumentum! 1111· 11111 111111111111111111 1111111 1111
11111111 1111111111 1 1111111 1111111 1111,1111111,11111111111111,1111111·
1111111111 1111111111 11111. Ρ111.111. 1111111111.
11.111.11.1’111111.1.111.1. 1111· 10111 1111111111, 11.] 0111111111·
1111, 11.] ‘ 1111111111 111111111, 11111111111111111111111111111111-
11111 111111111111111111111111 11· 1111. Qun 11111, 111 111111111111
nit? 11111111. vm 111 111111111- 1111111111111111111111 1111111111.
1111111111. 111..1 11111111. ..111 1. 11111.
11.11111111]Ε1111111111111111111 111111111111] 11111111111111111,
11111111111 1111111111111 1111111111 1 1111111, 111111111111 11111111 1111.
11111111,11111111111111111111111111 11.111111.11.Ρ1111111]Ρ111111-
11111111111111111111111111111111- 11,11111111111111111,11111111111·
111111. 1111111111. 81111. 11111. 1. 11111, 111111 11111111, 111 1111111·
1⁰ 1111111] 011111111111111111111· 1111111111,11111111111111111111111111·
111111,11111111111111111111111 Epi· 1111111111111111111. 1111111111·
1111111111.111.1.1111. 1. 1111111111,1111111111111111111111

 

