lxxiv 11811 , ·

11818811 pomanini. 47 18111881 puch 1188,
1181111118811113111111184 1181188 81111188
1188181 111, 108 Latine 118
1881881ιὶ11 14. 88 nedem 1, 48 811111 1111181 Galle 1147 181181111184
ventri monendo 1188 1111111181. 188. 111, 808. 808. 11
lactucas 11180. xii, 18 18111181 11147 48. v, 81. 11188. 11, 87. 11118
lactucis iii, 80 lm numine v, 88
mundanum 1111181181,Βὸ pigro 1118111118111180
ix, 100 Sinuessano 117 Ingena vi, 80. x, 48 nomint· 81881 11,
188811 lippa 111180 78 1131111188 nimia 111, 118 Syn
11881111 11888 114 11, 40
hcm 8181111181 11, 44 11188111, 00 limenun 1, 48
Iacui 11118881 1180 11111111 xi, 81 118- lagena famose 11188
31888111, 88 gelidos 1111 immodici Lngmm 1188. vii, 80. 1188. 11188
vii, 88 molles i, 80 nitidos 11, 88 1111181148
1181111, 80 8111188170. 188 181- 1118888881811181 Spoleti-m,
81111188 180
lugeo 1, 100 111881111818 1181
1811181 1188 Lude 11111
ladon 1811181 x, 88 18188811, 88
Ludere 11107 1111811111 iat i, 87
18118181 1, 78 11181188 8188 11188
1181118111 8 biennium i, 80
1881111118 11111118 111107
1811188 111188111184
18111 v, 78. 1, 88. 11188 1181881111 11, 81 ”
11881111, 180 1881888181 81181111 11188
huam 118118111188 1881818811. 11181. 11181187
hina 188811, 07 1811111811 1111881811, 80
1118111107.οῠ Imm 1111881188
1111181818 10 lampadarum xii, 80
1818111140 1188188881111, 81
luit 11, 81. ix, 87. x, 8 1181811818 puell· 11 81
lm Myrino xii, 88 1181181818118 11, 18
88188188818111147 1118811180 11111111,88.111,14018181181111,Ι81
18811,11118118111,11 1181811111188 1811111111, 184 1111-
Issum 11, 87 111111, 188
1111111188 Venus 1181 Narbon· 111, lm 11, 41. 11188 md· ix, 80
74 gioria 1, 108 81 1811 1111 1, 71 lanu 1188 xiv, 188 1818 ” 111,1
gazaeum& ἔξω {gg 8811881118 111, 187 1118 111,
8 ⁸ Ι
hii 111, 8 nidore 111, 87 181111888081111811188
1818888118, 88 81111811,88 lanu 18188181 111, 187
hiis 8181111881 11108 Iamque 18181888111187
laetitiaque ix, 71 18811818188111,88
111111811188818111111 1111881148
1811111111 111881181188 11
18181181 xii, 88 1118811111, 18. 188
1181811148. 81. 77. 1811188 18- 188881 111, 48. 78. xi, 81 11111181-
18111, 88 vicinus 11188 1181811187
Im 11, 44 11188118881 xiii, 80
1118111111 hammo
1811188111, 88 1881888811 111170
181111 8183111818 181 1111881147. 1, 88. xii, oe
1888188181101 · languidi 11181111, 81 18811111 1118
Imm ii, 48 1111111 xi. 88
111188 8118111188 18818181 81111118 184
1811881088 x, 87 languidior 118181 1188
111118 xiv, 188 languor gruis 11, 70

 

