111 mmmmm.

0181111118111 178 8111111818 118 11·
pidum 1181

018118 1118 18118818111111 111, 188

Cicerone 11188. 1, 88. 111, 188

cicerem 1118 111 sacuam 11, 18
magni 11108

0111811188

cilicii 8118811 111, 110

Cilicum 111, 00. viii, 11

(filix 1178. 11188

eima xi, 88

0181188 11, 88

81111111181118

01111181 111181. 1101 vetuli 118

01811111 111, 88

mnodo phthisim 1181 Idm 1, 08 Hi·

1881118 8181881181,10
011181811118. 11188 1188181 im
8111811181 1180 1181 11118

01880881118888. 11178. 11118 “

0111181181 11, 87. 1, 10 puer 1111805

01181111, 88

Cinctum 1, 80. 11, 71. 11, 81

01710708 iaceo· 110· Vi, 801 7111138· 1,
08 111811811110

cinai 188. 80. 111, 11

0111811881 iii, 88

Cinctum i, 117

018111111177. 1,18. 11100

(11111111, 81. 111, 88

(fingit 11, 88. 1,108

Cingunt 111, 88. 1, 88

cinguntur 188

0111111111,81

0111111 11, 78

cini· 1, 18 atus 1, 88 181111 11,1

cinna 1, 00. 1118. 1, 87. 70. 11, 17.
88. 111, 88. 18. 1111, 7. 1, 81. 11188.
81 improbe 11181 8111811 viii, 10

eim 11111111 11, 88

einum 111, 88. xi, 81 11111 111, 88 1111.
11,18

Cium 11, 17. 11181

0181188181 11, 88

011111111181. 11, 88

Cinyphio 11111111 111, 08 11118 111, 110

01811, 80

cipue viii, 18

cim 1, 01

81111111, 88 1111111111, 80

01111181 11, 7

chun 1811111118 111, 100

0118111188ιὶ 1, 88 111, 01. 1117

oms„ ruminio inqu 81080 nil,

0180088 ,111801 m· 7111109

0111111111 1118

0118118181 lingua 7811 probra 1, 8

1111811. et 711. 0711.

01188111 11, 88

circulo 1111118181, 88 ,

circulus 111, 188

Circum 177

0111811811 11, 11

circumfert 1, 18

circumfluit 1111, 10

Circumfusa xii, 17

01188181111 scriblita 111, 17

0111111 1111. 18

811188111111,18

0111111177

011111 'bus 1, 88

011181 111118111180

01118181 111, 88

0111111118 1,17

01111111 capu 11, 18

011118 11,8

8181118

011111 tigrin iii, 11

01811111, 80. 1, 101

01111111 xiv, 188

0101118111 111, 818

citharoedus 1, 88. 11, 78

0181188

cure· 1111111 xiii, 87 menn 111, 88

01111 Maurusiaci 11108

citrum, 88 1181111181 1, 80. 111, 188

0118 1, 08 summoto 1108

cim centenos xiii, 188

011181111188

civili 811118 11, 71

011111818111,88

01111 1, 88. 88. 70. 111, 88 111111 111, 88

0111111811 111, 70. 111, 181

clamabunt 1118

0111111111 1, 08. 118

0111111110008. 11,87.11,11

8111111111. 11, 18. 1110

011111111181111111, 80 8881111180

cione- 111, 78. 11, 80

0111181 1,8

0111818111 1, 88

clamitetque 1,8 ..

0111118111, 81. 1188. 1111, 11 11111181
1108

0118811888111111118

clami Circi 1, 88 11818111 11, 08

01181818 1811118111, 18 1111311118 1, 81

0111118118 1, 87

011188111118881181 x, 8

01111 munem 11, 81 111111 111, 80 11118-
don 11188

0111111188 1188. 111, 00

01111118 Rhodon 11, 88

cunnus 1, 81

, emaque 1111

01111 penna 1, 71

lud. 07117.

 

