,1111 11111 ,

1111111111 “ Trachi· ugoni· xiv, 188 · ·
1111111111 11188. 111, 8 11111111 1, 81 ’11111111 11111 11, 81
1111111178.187 ’111ρί1 11188
’1111111111 111, 88. 111144 ’1111111 8111111 1144
’111111 118 1111111181 11111188 ffi- 111111 1111111 11, 11 , 11111111 miv. 87
11118 1111818 mentum 11, 88 1811111178 1111111188 1111111188
1111111111 111111111111188. 118 ’111111 11111
’11111111 111, 88. 1111, 41 rentum 11, 84 Τ11111111111,47
111111111111111118811111111,81111111 ’111111111188
x, 88 1111111 111111 xii, 84 Trunci 11, 88
’111111 1184. v, 78. 111, 87 AEtffiopo ’1111111 fuxi-to 11187
11187 1111111111111111111181111· Τ1111111 111111111 111, 88
111111111178111111111441111118 Tm 1188
’1111111 11111111 1, 17 11111, 78 jura vii, 1111111111, 78. 1111, 8
11181811181181, 11 11111111 v, 11
71111111 188. 1188 1111111118 11188
’1111811181111111111188 ’111188 ,
’1111111 11, 78. 111184. 1188. 48. 184 Τ111818
1111111114 Athenagora 1111 41 aue· Τ1111 1188
111 1111111111 11111111 111, 88 filiun ’1111111188
111144 1111111, 88 1111 111, 188 ’111188
111118811111111111188 111111, ’1181 111111888 11118184. 118
47 811111 111, 88 1181111188 1111111188
11111181111111 11147 Tubu 11111111 111, 88
Τ1111111111111 1, 118 Tubu 11118
18181111111111111187 Tuben 111188
’11111111 genu 1111. 11, 81 118111118188 111111111148
’11111 1, 87. 1188. 1114. 1118 81111111 ’118111111111188 ,
11, 88 columb· 11118 183111 1148 ’11111 1, 18. 11, 88. 111, 41. 77. 1177.
3111111 pollice Heliadum 1114 11· 1, 18. 11, 78. 11188
11111188. 111188 succina 11188 ’1111111188
1111111, 88 togula 11, 181 Tamus 11111111 iii, 14
1111111131 11111 ’1111111118 11111118
’11111111ἰί1 88 Tui 1, 88
’11111111111111 111, 88 ’1111111 1111111118
Τ11111111111111111111111111, 18 ’1111111184
1111111 11, 81 cultus 11, 88 ’1111111818
Τῐξ11111111111111184 1111111711. 1178. 11188
’1111111 11, 88 11118118 18
’11111 polline 111, 187 1111111 11, 48
mansas 7111111111
Τ11111111111,“1 ’11111111 1111, 71
’1111111 111111 11187 11111111, 188. 111, 188
’111111 111111 1111111 11, 88 1188111887
11111181. 1147 1111111111 1111111188 Tuum 1, 41
11111111181111 11 Τ1111818.18.88.188.11,48.88. 11,
Trium ii, 81 discipulorum 1, 88 11111111 “ 1. 11. 88. 11147. 1111, 8888. 71. 78.
11119ιιωι1119511ἢ68 11101441ωικοιωι 19⁸⁵· ‘ipu-
’1111111111881111111111188 Hyper· xiii, m
81111 1111, 78 ’111111 1, 87
1111111811 111188 'runi 11188. 1184
Triumpho· 11, 4 Ε1]11111111111“188 1111- 111111111 1, 81
111111 118 11111111, 18 laurigeros iii, Tullianam 1111111 11, 18
88 1118111117. 1118 8111111111, ’1111111188
184 11111111 1111, 18 ’11111114
’1111111111 8 88 ’1111111111 88. 111188. 111, 181. 188
’711111ρὶ11188 Τ111111111111,11 ,
71111114 ’111111111111111181
1111111111 111, 1 'sumere 888

 

