111 mmmm diii

11111011 011111 1, 101 111111, 10 algentes 111111
'l'mflumque brevemque 1111111111 xii. 11 1111111101 11. 10
1111111111, 10 1111111111111 11111, 00 1111111101
. velox 1, 101 11311111 gentem 111, 111 111111111110
1111111110. 11111 ’111111 011101 vi, 10
’1111111ιο 11 1131111 ii. 11
111111111110 1131111111 11, 11. 110
11111111111ιῶ11111 111 Tngntulomm 11,11
vum 11111 111 Togntulos 1, 11
Τι11111111111111100 111111111111,01 11111111100. 11. 101
’1111111ἰ ι,13111Ιί1611 11 31131111ιί101 Tamtu 11, 11. 1011111111111113111
vn 11, ι,
Τι1111111111,.111111111111111,10 111· 118111110111100
,111111111113111111 11111ιί1110. 11110 1111111 1111
11111111111111, 10 11111111 11111111111,101
1111111110. 1100. 111. 11111 1131131111,οθ
11111 viii, 1. xiv, 110 'rogulo 111111101111
1111111100. 1110. 111101 1111111110. 11110
1111111111. 11100 ’111110111101
fingit 1, 10 Toum 11, 11
1110111011111111, 101 Το11111,00
111ιί1101. 11101111 111111110. 1110. 1110. 1111
’11111101 1111111101. 1100
’111111111110 1111111101
Tirynthius xi, 11 11111010
1111111111111111111,11 1111111110. 1, 00
1111118. 111, 00 11111111νί11, 10
1111 11110 Tollunturque 1111
11111 11, 01 1111111 Pau-dio 11, 100
’111111111101 1111110111111111,11
1111111111. 1101 1111111111111111 111
Tuto 11110 Tomentum OEroem 111, 100 huconi·
1111111 1111, 11 cum 111, 100
1111111101 0111111101 111111111111
’1111111 11111 1111111110111111Λο
’11111111 1111 1111111111 1111111νί100
’11111110 111111111100. 11100. 11110 111-
1111111 ager 111100 Seium Pnlhtinunque 11, 01 placi·
11111101. 1111111100. 1,10.11, 11111100
1111111111111111 0111111, 11111ϋί11100. 1,Ιο 11111111 11,
11. 1100 ignom xii, 10 jum 11, 10 1111111111 1111111101
10 111111111οθ 11111111 pollens 11111111 1110. 111110. 11101. 1,
1100 1111111111111, 01 1111111 1101. 1101 0111111111 111 111-
sordidior 1101. 11111 11011111 affl 110 111111111111111111111,
xii 10 “
11111101. 11110. 111 1111111 111, 11111111
110 1111111101 1111111111,Ιο 1111111110
purpura 101 11111111,Ιο Tondeat 1101
Toga 11101 1111111111 1111111- 111010111110
111 110 11111111, 10 11111111, 11101111111111111111,10
1 11111111111111,00 ii, 1111111111. 111
00. 1111 111111 11111 11111111 1111111110
urbm 11, 10 1111111111 111, 01

1131111100 111111111111100
'rogum ii, 10. 11111. 111110. 1100 1111311111 11101
agentem 11110 11111111, 11 11· ’1113111111 ii, 10
11111111 [1111111111 m 11, 111ρΙ111110
01 11111ἑέ111111111111111, 11 1111111111 11111111 1111111111,
0⁴⁸ ω ⁴

11111111 1 1. Mare. ιι

'rogumque ¹

 

