1

11 1111111111. lxxv

Bagoon 111111 fictoque 11, 88 11111111 joci· 1118 1111 11118
mon 1111111 11, 88 1111111111 8. 11, 11..ε
11118111 puello 11 88 1111111111 11, 88
1111311111111111111111111, 78 1111111 Tonanti 11, 48 11111188 viro
111111111188 1111111111 11, 88 x, 88
1111111111, 88. 1188 how· 1111111 111187 1111111118
laniumque 1188 tun vi, 71 libellos 18. vii, 88
11ιί1111181 crudelis 11, 88 umbo· v, 78 1111111 11, 88
Imagini, 88 1111111 11, 81 111111111188 Mortem vi, 81 1111111,
1111ῗ81111111 11, 87 1111 11111111 87 poem 1111, 88
1110111188 11111111 111, 88
1111181111111111111111,8 1111111188111111111111118 lumino
laomedontis 114 11, 88
lapidem primum 11, 78 quitum 1, 78 11111 mu 111, 88
lapilli 1188 lm 11111111 11, 1
1111111111 188 Erythrai· 118 Eq- 1111111118. 111181
1811118111 111111 ix, 11 Iudicii 1, 118 11111111881188
1118111811 8111113111ιά1 11, 88 triti· homotorquov, 88
111188 111111 111111
1111111811111111187 Ι1111114111111181111111111,7811]ρΙιΙ
1111111, 18. 11188. 11, 78. x, 81. 11, 88 188
(1111111111, 87 lubricus 11, 18 111111 11111111 8 digitio 1148
11, 188 11111 188. 171188 111111188171
11ρί1811 11118 huoi 111, 87
111111111881111111111181 1818111118 1111111181 “
11μ1α11111188 1111111188. 11188. 84. 11181111
urdo 11811111 178 181 11111111, 8
lare perpetuo 181 1111 1111111 1111, 81
hren 111811811188 lataque 888
11111111181811111187 11111181.188.1111,88
1111111111. 1188. 188 111111 11188 1111811 iii, 18
11118111, 71 1111111111 ponto· 11, 11111111 1 78
44 1111111118 1111111111, 81 111111 1, 88. fir, 184
[nuque 118 latentem 1188
1111113111 11188 1111111118, 78 11111111 ageni 11178
11111111 menon 111, 88 111111 11 88
hrum 111, 88 111111 cocio ix, 78 curto 11188
1111111181 118 11111178 111111 11, 111
1188 11111111148 11111 11, 78
11111111881118 111111111111111181 11 111111111
111118111188 88
largitur 1 18. x. 87 11111 1188. 188. 11, 88. 111188. 88.
1111111111. 111, 11 1187. 11188
111111111111 fusus 11, 88 1111111178 111111111ρὶ 11188 moesus 1184
hanffiize 101488 ἲ11111111 111148 hig 11111111ὅ :fig tssguwviidzsst 111111 11,
11 1, · ¹1 · ¹ 1 1
1111111 11, 88 11111 1111111188 1111111188 ple·
111111ιὶ188 bis 1188 tngo 1118 1111188
1111111 conjux 17 11111111 111188 11111111181111111111118
1111111111 88 pugio· 18 latioque 1, 48
lamo 81111 11, 88 11111111118111· 111111 1111 11114 oomni 1111, 88 nom
111111111νί1178 iv, 78 urbe· vi, 88
huin 111 11, 88 latin· 118 verbi 1188
11111111 Thulin 111 17 1111111 1, 81
loeium 111111εωί188 Latinum i, 8. iii, 88. v, 81. 11118
1111111 Properti 1111, 78 111111 11, 18 latinns 11, 78. 11, 18
lascivi capillati 111 88 cunni 11, 88 Ιί- lotio marmore 11, 88 polo 11, 8 Tonanti
beili 11188 1111111174 1111111111 11, 88 ·
88 1111111171 . 118111881111111 xiii, 81

 

