IN mmmm. 11

1100011111 ’ 1.,101. ι, 11. 111, 11. 1111101. 111.
1111111010. 00. 07. 1, 00. 111, 180 Patere iii, 4
Famaque 1, 40. 04. 1, 100 1.1.0.1,11. x, 0. 80. 111, 10
Fame 1, ¹⁰⁰: 1104. 111. 08. 1,77. 111, 11101111081100111101
00. lenta 1, 70 ¹ Fatetur 1100. 111, 70
runem ιι 11· 1110. xiii 11 inopem 1ιο 1101. 1.,11. x, 11. 111, 11 11,...-
ῐῖὶἱ. 1 10000001 iii, 08 111 1, 00
1110140100· 111. 7 preston 1, 00 11113101 111, 18
0110010100 1111011101
Famem 01110010 1147 fatigat 1, 100
ramuli Rheni 11,0 pacantis 111, 00 11111301 11, 84
1111110111 v,⁸ 0 8111101111, 00
0100101111, 00. 11, 00. 11, 81 Fatis 1, 70. 111, 47 00111 11, 87 mvi·
01001010 11, 00. 07 nemun vi, 70 11, 80
81100101 1, 100. 11180. 111, 010 0011- Fato nobiliore mori 1100
111 111, 01 111101ιο0 111, 47 pessimorum v, 07
1100101 11, 80. x, 00 1110111170
1110010111, 47 Fatum 0110 xiii. 10
Far 11118 1110110 Pelorida x, 07
rui 11, 08 011011 0111000111 11, 01
1111111101 11,0 8110110000110011111,00
1111101 001111111ῦο 1110111170
71110101 1111, 10 Fului 000111 111, 18
11111111,οθ 10100110
1111011108 “ 1110011111ἱο
Furia 11,40 8110111140. 11, 11
F ⁸ 00114 11ιο0010101οι 11107
Furta 111, 08 Fauces 11118. 1141. 1180 10011001
11111111 10101 111144 1, 70
Fu 11, 71. 70. 11, 00. 111, 0. 8. 44. 07. Faucibus vii, 40 primi· 11, 17
1111, 00. 111, 0 11110 1, 0 ,
rme· 100001 111111 calamorum 111, 00 0010010 11111011 1, 0
bh 101101 1111, 00 101111, 00 8110011001 11, 74
111101111,104.111,100 pectoralis 111, 1111000100001,104
104 puni· 1, 00 Favere 111, 01
11101110 0000011107 111111ιί1, 101
1111011101 1111 101111 11100 1101110111 x, 01101110000
10 Favete 11100 lingui· 01101111, 87
11011001, 4. 1101. 1111, 17 ravi Siculi xiii. 100
0110010111 1, 44 Farina 10001 11, 00 111111 11, 44
1111110110 11101 ravin.. 01000101 1, 40
11111011 11170 11011111, 10 00101011, 44
rutis 1101001011 114. 11100 Fauni 1010101 11, 00
111110100νὶ110 Faunis 111100
rum 01001101, 10 110οο Antenoreo iv, 00
01110100 1110101111, 100 8101101010 1100
11001171. 11180. 110040. 111, 00 1111011001111110111170
0111 xm 0010001 11, 14 queru- 811010 noto vii, 00
χ 01 11170 81101 campio· 1111, 100 0100101000.
1111111. 1111. 11, 00. 1,10. 11, 00. 1101101104
01111111. xi, 11. 01. 01 bom Fauni 1111
11,07 crudelis, 11, 10 10000011, faustino 1, 00110. 111, 00. 00. 47. 11,
88 lau 01 sen 1, 71 0011111108 11157. 1, mo. 71. 117. 00. 00.
01110111 111, 11. 10. ,111,11. .,1ι
1111010101 111, 00 01011101 111, 0 1101111 111, 08
1111011111 110 111111, 00
1111001111 11, 84 10101111. 11, 01. 1, 77
1100101. 1111. 11111. .. 11. 11. Febrem ii, 11. 10. nn

 

