ΙΝ mmmm.

G. 6111110111,οἱ
6111111111
nabata 11118 6111111 11100
61111111 11, 11 6111111111 1111
61011111 111, 07 - 61111 1, 00. 1111000
61011111111 1, 81 611111 1,οΙ
Gadibus 111 improbis v, 78 61111111111111, 70 1111111 1111, 71
6101111111101 11111111 111, 107 11111100 111111
6111111111 modis 11, 71 111, 11
(indimus 1,101 6111111 11, 00
611111 11111111 1,10 611111111111 (replum 1111111) 10
(1111111818 pingui· 1111, 00 6111111111 1, 01. 111, 18 1011111111,
611111 rustice x, 101 01 .
61111111 111 61111111 11110 11111111 1111110
6118111111101 611111 11101 111111111ὶί1, 101 11·
6110111111 111, 81 11111 1111, 81 sociorum 1111, 100
(1110111111ο111 107 (111111 vi, 01. 111, 117
61111111 111108 Gaudent 11, 10. 1100
6 11 11, 07 (1111111111 1100
61111111 111 111, 10 eundemque 11, 77
6111111101111,01 11111111 11111111· 6111111111 111, 11
tini 1, 07 Gaudebit 111
6011111101111111111Λῑ tepido 11, 611111111100. 1,18 1111011117
18 61111111 101. 100. 1171. 11000
611111111111111118 Gaudentem 11, 70
61111 ii, 10. 11. 111, 01. 80. 11, 88. Gaudenti 111100
08. 1, 81. 11118. 08. 11, 1118. 70. 611811011113111 ημζιίΰΛῦ
1, 70. 00. 11, 10 6111111 11, 107
GRH} 731 Gffldflssssflo 111, ⁹⁸0 full-⁴8· 31,
6111611100· 111861 1111 ²⁷· 811 ωο 1⁰⁴
inlu· Vffi, 761 31881661 82 1.· 6111011108· 691 ῃ· Νι iv, 681 Ι,
11011117 10. 1108. 11100. 87. 11, 11. 11.
0811171117, 11411 111100. 117, ¹0 1⁴1
(1110111110 11, 00 11111111 111, 07 Gaudete 11, 01
611111 111, 118. 111, 110 dieta 1111 6111111 11, 18. 1118. 1111, 1. 11. 00.
..1111111 1101101111111101·
(1111111 palla 101 11 101111, 17 11111111 1110 11-
6111111111111111 111108 11111117 solenni· 111, 01 1111
6111111 111111. 70 111, 0. 1110 e
61111111111111117 . 6111110101 1,78 1111100
6111111 111101 1111111 xiii, 01 hedis, 611111ο111111180
ibid. 61181111111,110. 1,17 1110111111,
61111110. 111, 00 01
6111111 1111 mentem 111, 00 6111111 1111, 01
6111111110. 11111. 81. 1111 70.ί11. 61111 11, 80. 1, 81. viii, 17. 11, 01
71. 71. 11110. 1111, 00 munem (1111111111 111, 07
111,101 6111111111111, 111 11111111 111, 118
Gangeticus 11111110100 6111119110111111 111, 101
Ganymede 1, 00. 11171. 1111110. 61111111111111111111 111, 117 Penni·
71. 100. 11, 1018. 1111108 ge· 111, 110
11111111,101 [1111111111 (11111111111111111111100
611111101111111 111110 Gu- 11101
Ganymeden 101111 11, 17 6111111111 111, 10
Ganymedeo choro 111, 00 lecto viii, 10 (11111 1, 00
(1113111 111, 00 611111 11111 11, 10
Gargilium 11110. 71. 11, 00. 11100. Gelam 111111 1,0 Ι
111110 (1100101111 11, 07 11111111150111-
emmo 11117 corrupto 1101 gine 1117

 

