clxviii 111111 ’

Urbi vl, 44. 1, 7 Latin 1111, 4 11111111 merx 111, 144
1111111711111111111 1111111, 77. 11,41.ι11,44 1111 111,
11111111 11141. 11, 44 1411111111111,14411141111111111
1111111111 111, 44 11111111, 44 laetum 11, 44
11141111, 44. 1111, 44. 1,44. 44. 11,14. 1141111114. 144. 111, 44
111, 47 (111111111141 relicta 11,44 1111111 1, 74. 11, 44
11111Ι 111144 1111111144
Urbs 11111144 1111111111,111.11,11.η·ἱ,11
Um! xii, 44 Unique 11, 4. 11, 44
Urceoli 1111111111οή1 111, 144 11111111114 lingua 1111111 1,7411111
1111111 11, 44 1111111 111, 144 111411, 8 44 ripn 1,7
ibid. 1111111111, 48. 11, 74
1111 1, 44 Utrique 1, 7. 1,4.41
11111111 111, 17 1111111118 14. 111, 47
1111111,44.1,14 1141111111,44 1111111111 oculo 111,
11111111,144 44 11111, 144
1111111111, 44 1111111111, 41
1111 11, 44 Utrumne 111, 44. 111, 44. 1117
1111111411111 111, 44 Utrumque 1, 44. 111, 44. 1,41.11,44.
111111,44 11,44. 1111, 41. 11,44. 11,44. 111,
11111171 144. 174 111111 11, 47 1111111111,
11111111,77. 1, 44 47
Unum 1111111111 11, 41 11111,47.1111,4411111111111,74 dun·
Um 11111111 11,44 11111111 111, 14 1111 1111, 44 11111111 Lym 1111, 44
11111111111111111 1114111111,44 1111111111,44 1111111111
1111111511 1, 144 1111 11, 44 11, 44
111111111111841111111111187111· 11111, 44 manente· 1, 74 1111111111,
1111111111, 11) Lumo sa 111111 1411111111 1, 44
111111111111444 1111111111111,48
1111111811. 11,44 11111 dulcibus 1111, 44
1111111111111111111111,44 11111111 1,7
11111111 11, 44 111, 44 vulgatu x, 44
thue 11, 44 111111, 4
11111111111111,44 1111311111,14
11111111,144.447 1111111144 1111111111, 44
11111111,44 1111111, 44 11111, 41 prim· 11,
1111111111,44 74
Um 11111 111, 41 vulneres 12 14.14 olido 11, 14 longo,
1111111111,44 814
1111111,44.1111,14. 111, 144 11111111· 11111111,14.11,47
1111141111 Ι1111, 147 geminus xii, 74 Vulpem 11111111 x, 47
1.11.“.1.1.ῗ11“1.ι..... 1111811100 ,
11111111, 44. 111, 14 111111 1111, 47 buchia 111, 44 nm 11,44
1111111 1, 44 11111 11111 11, 44
unsih„ ν1111118018ὅ1811 11, π· 111, 11· ω. V,
111Ε1Ὀ111μῃο 44181104. {HM 23·OE 11, u· m· n· 711, ”- ,111,
uteri 11, 11 ruga 11111 1. 11. 11. ix. 1. 1111111. 11, 11.
um 111611 791· 14, ⁴2 311,ἳῖ 'han 111177
114411111444. 1111111111. 11, 44. 71111111,14.11,1.1,4.41.74.1114.
111, 44. 1111, 44. 74. 11444474. 44. 111, 4. 1111444. 1,44. 11,44
1, 41 (11111111,44 1111111 11174 en· benipo 11, 44 111111111144 do·
111111,44 11111111, 41 111111 11,4 1111111,44 eodem 111, 14 11111111
111111111,44 1111111111111111111144
1111 1, 74 11111111 11, 44
1111 11,44 111111111144 11111111, 41
111111 111111 eonsilium 1,14 1111111 Vulturis 11, 44
111, 144 Vulturina 11, 44

 

