11. 111.. 1111111111 11111. 111. xu. ‘ 1111

1111111] 1111111.111111.111111.1.1111.11.1111.1..

1 1111111 1111111, 11] nt 1111111111 11111111111 Nm m
111111111111111. 11] 11111 111 1111111111111 111

11 Im 11111111, 11] 1111111111111111111 1111 11111, 1111111111 1111-
1111111111. 1111111 1111. 11. 111 1111111111 1111 1111111111 11111111

11 0111111 1111111111] uhi 111111 111111111111111111111111111111111
111111111111111111111. 9. 0111111 1111111119. 11111. 11ὴ111.71.1111
111, 1111111 11111111111111111111 1111111111. 11. 1111. 1.
1111111111111111111111 1111111 Ε111.11111.11111111111111 11-
1111,1111111111111. 1111111111,1111111111111111,11 111111·

11 111111 11111111] Pede 111111 1111111111 butu 111111111111111·
111111.111.

11 11111111] 111 11111111111111. 1 si odem, 11] Si computum

11 focum 11111111 11] cervix 111 1111111111111111111111111111,111
Μ1111111111111111111111111ε11111 11111 1111 11111111111111111 111111
111111111111111111 11111111. 8111111 1111111111111111. 1111111111. 11. 1111
legendnm 1111111111 Foco 11111111 8..11119.
111 1111111. 1. 111. 11111111. 7 Vincet 1111111111] Ρ11111111·

11611111]111111111111 11111, 11 111111111111111111111111111 111111
111111111111111111111. 1111111111. 11 111111111111] 1111111111

77. 11111. 1111. 7. 11111111] Vile· 111111111ῃύ111111111111 11111111

11111111.. 1111111111. 11111. 1111111111111111111111111·
111111. 1117111111 m 1111111111 1171·

11 111111111111] ’111111111111- 1111111111 01110.

11111. Em. 11111. 1111111111 1111111

1161111 1111111111] 0111111111· 1111111111111111111111111 nom 1111
1111 011111, 111 11111 1111111111. liberdum 11111111 111111 1111111111·

111 ommam, 11] Fasciculus 111 111111 11111111 numantia, 111· “
1111111 11111, 11 1111 111111. 1111- mem 111111 1111 11111111111111·
1111. 1111111111 1111 1111111111 11 11111111·

9101111111111111,1·1.]01111111111 1111. 1111111111111 11111111,11111
11111111111111111,111111111111111 11111111111111,11111111111111111
et 11111 1111111 mm os 111111, 11. 1111111111,1111111111 11111. Ru.
11111111111111111111111 1111111] 11111111.

11 Mn] 1111111111 1111111111 ulmum, 111] 1111111. Ia·
111111111111111111111111111111111 11111111111111111111 xum, 111111
Vm. 1111 1111111111111. ·

n 1111111111,1·1.] 1111111111. 1111111111] 1111111, 11111111111
1111111. 19. 1111. 1. 1111. 1. 11111111 91. 11111111. 11111 111). 111.

2⁸ Qu'd qun'! 1111, 11]1 01111 Ε1111111. 71. 0111111111] 11111111.
111111 1111111 1111, 11111 1111111111 11. 1111. 1. 1111. 1.

11111 1111111111 rusticantum? 1 Dm Kolenda] 11111111 111111·

u 111111111111111] 111111111111- 111 1111111111 11111111.

111, 1111 111111 111111111111111 11 7011111111 nabun] Cum 111111
1111111111111111111 11111 111111111- 11111111,1111111111111111111111111·
11111, 111 1111111 11111111111111 pon· 1111111111 11 111111111111111, ⁴ 111111
11111111. 11111 11111111 est& 111111 111111,

11 11111111111111111111111111111· *111111111111111111111113 11111171..

1111111111, 1111 11111111111111111111- 1111111111, 1111111111, umatum

 

