18 111811

6811118 brem· 114 ¹ 688818111148
68118818 equum 111188 8811881818 xii, 6811818181 11, 88

88 “ 681181181αωίηεὶ 8141
6811811818811,18 11881888 11118 (188818 1111, 88

1111188111 ’ · 68118181 81, 88
6811816888188111,8,81 68881888811,118 ezeeh· 8111118
68111111 equit 811, 88 11181811 11181 6881818 181118 1, 44

18881811 11188 68811118 cruribusque 1111111111 188
6811118818 vi, 88 1188881811 1118 118818119. 8118
Gelidus 11888 8111 688118 18, 48. 81. 8188
Gelidum unguem 111188 8188811818 111, Genium 111, 81
’ 81 813118 111188 ’1111811184 Genitor 11, 81. 11118 bonus 1111, 88
681118 1, 84. 111, 88. 11, 88. 1, 11. 88. divum 81111

1181. 88. 111181 68811818 1118 11, 88 11181118
uenimus 11, 88 6881188 iv. 88
Gellius 1141. 81 68811118 1, 84
6818811, 81 88881818 11811 81118188 68811818 818. 188

1118 6881181188. 81188

6811181188 188 Genium 11, 88. 11111. 18.

Gemellos 81118 68818818818 88
6881811111 111 (181118 8118 818188 1, 88 Argos
6818888 8111 1188 6181888 81, 88 1131881184
68818181 11, 81 6881881 tegetem 811, 181
6888111181 618181111, 88. 1111, 81. 11888.
(18181118 compede 11188 18118 18, 48 81188 &rmum 18111
Symplepede 1188 831188111111 Genusque 8118
Geminus 1118111188 11111881 118 Gentibus 11, 88. 18. 8188. 814
Gemini 11188 881181 1111, 88 881118118 811, 188 celtiberi· i, 88
6881111111Ιί8 111181. culminibus 114 8118811118 111188 libyus 118 per·
. 6881188888 88881188 8818161111- 88181111111,84 ·

18811811184118118881118118118811, 688111 fecunda 111, 88 1118118118

11 perfide 1111 188111 1184
68111881 ix, 48 unguen 811, 111 8811881 Gentiumque 8118

181 juvenco· 888 6888114. 81188
6118111181. 81111 (1811811 11188184. 8111881118. 118
Gemit 11188· 681181 1, 88. 111, mu 81118 1111·
Gemitu 8188 1881181818, 48 181181811118881 1811
68181111 8, 88. 88 ' 11181111 81, 81 1818 11, 88 818118 1188
88118111,88. 81, 88. 81188188 688811188181

81818 1111, 88 1881881111, 48 18881- 681881 811, 41

881188 11118 pollice 1181188118 11, 6818111188

14 68181 8111, 81
68111188 111, 411..Ι 811118 81888188 681888111184
Geffissiiiuiufii'o? pm η’ ¹¹ giiii 1111111111111881 u,
6888818188 8188 811118 1811181188 88. 811181. 811188188
6881818811118811118 1181 6881111 8, 188
68188188 81148188 plum 1,11 11· (18118888 8188

181181 11, 81 1111881 1181. 8181 6811118818 118
68888888 8811881 811, 188 Germaniarum Kalendarum 118
Gemmatum 8111118 811, 188 6811888188 v, 18. 11181. 111 4. 88-
Gemmatum 1141 88. 88 88881818
6888181888 1888111188 Germanicus 18 8818181114
6811181811ιωί81 811, 88 18818118 uenenis 111, 88
6888811188. 1111 florentes 1118 681181881184

111188111 11, 88 11111118 1111, 88 681181 11111. 81188
6888111111. 1111 Geryonen 1, 4888
6881818181 1148 68818111 1181188

 

