11 1111111111. elin

theufll’· 111, 111 11. 111 ¹¹⁸⁸· 11111 vah 111811 1111, “ene 118
11 11911111111111,11
1111 1111. 11199. 19. 111, 111 Alexi· 11111111, 44
111111111111111,99 111111111,41.1141.11,91 11111 111
111111111199. 141 99 1111 ix. 11 1111111111, 141 pte·
Vaticani endi 11149 11111111, 191 1111111119
111111111111111, 19 11911111.111,11.11,1111.11.11
1111111 111111111191 1111111111111
911111911111111191 Velleribus 1111111 111 111
1111111111- 1111111111 19 1111111111
Velie 1119. 111111. lx. 19. x, 199 911111111111 11194. 1191. 111
Apollinei 111, 99 «loeti 1, 99 nodie! 11. 111141. 111. 111149. 111, 11
1191 ’1111111111 11, 91 111111111119
111111111119 1111111119.1,99
vatum 11111111 11111111 11
1111191111 1111111419111111111 119 1111111111
l, a lv,
111111111119. 199 111111111111199
1111111191 1111111111111111111,9
9111181111, 11 buin 1111111 Falerno 13311149 111111 111999
119 u· ,41
1111111111, 111 1111111191. 114199
Udi 1, 19 Velox 1111
11111111111911111111 Velox vi, 99 111111111119 dnm
1111111011111111149 11149 1111111111 x, 19 enoc 1, 191
1111111111141111111194 1111111 11, 1111111199
91 velun 1111
Vene 1111111111
11111 1111111 1, 19 111111 vl, 49. 11, 19
1111ο111111111114 · 11111111111η11191111111111111
1111111 iv, 11 1111111 S 99 vendin 1111, 11 tplenell·
Vehimurque 111111 11911
11111119 11111111111111 xiil, w
1111111111, 91 venno 11111 111, 91
111111119149 nvn ll, 11 Venelli 1, 9. 111, 19
Veientani rubeni 1, 194 1111111111191
Vel i, 91 1111111 sn. 119. 1, 91. 1111111.
1111 111119. 111 19. 44. 111, 99. 99 11191111111111111111111111111111
1111921 1111111119.. 11, 91 11111111
Velabrensem 1111, 19 Veneni} 11, 19
11111111111111 1119 11111111 111, 199
11111111111111111111111,19 1111111111111111111111111,191
1111111111 nipe 1119 1111111111 111, 11 ,
velarunt 111, 49 111111 11191. 1119
11111 111, 9 1111111111, 11
11111199. ii, 41 Vende 11, 19
11111 1119 111111111191
velim 11 ⁹· ⁶⁸· 11151 111111 11 161 111 vendffllffl xli, ιω
91. 174 Vendere l, 11. 91. 11111211, 1. 111.
1111111111 11, 11 111, 94. 11. 11119. 11, 19. 111, 91.
venun, ”a V, ωο Vl, ,5111111111 11 u ne lm· liv. m
Vel'n 1911. 1114. vi, 49. 111199. 1119111199
18.19.11.111.19. 1, 4141. 111, 1111111141
94. 94. 191, 9. 111, 141 1111111111 111, 99 .
1.1111,111.11,11. 111111. 111 1111111111.41.11.111.11.111111
11111. 11111. 11 11. 11. ..11. venenam
191. xi, 91. 91. 11 Vendit 1, 19. 41. 111, 11. 111 111. 111
Veline 1111111119 11111111 111, 199
Velle 11191. 199. 11, 191. 11. 11. Vende 1199
111, 91 1111111111, 41

 

