ΙΝ mmm.

81. 88.18. 111, 98. 11, 19. 88. 91. 1,

11 11, 11. 1111111111.. 11. 11.
81. 18118. mm 1118. 88.
⁶⁸. 111,87188.88188.88.88. liv,

0⁰³8ss 1 8161111, 18. 81. 118. 11. 11,
81. 111 1

11111. 1111

0111118111, 81. 111118. 11, 18. 1118

8118111188
11111111,

011111118181

0111111111 1188

0111111111 111 81

011111 8 81. 1118

1111111111. 1111. ..111, x,
11. 111, 18. 88. 111, 11

0111111118. 1, 18. 1188. 11111. 111,
118. 11, 8. 11111

0111111181188. 11, 11. 111111. 11,
81.88.1,88.11,81.181111111,88

1111111ῗὲῗέ11 11711. 1111. 111
111,
1111111111 11188

0111111111 11

8111111181. 1, 181. 11
1111111

Quamdiu 111

01111111 1, 88

0111811111

0111111 1118. 1168. 118. 111118.
wow- Σὴθ 810181 8,, ω 81188, Η

011111111δὶ1 11 11
8111111111

011111 ue 1111, 18. 81. 118

Q (1

01111111 11117. 111, 18

0111111181. 1, 18. 18. 111, 811

Quanto 1, 8. 88. 111118. 1118. 1,
8818. 11, 88. 1118111188. 1111,
88. 1, 18. 88. 18. 88. 88. 11, 1. 111,

01111111 111188. xj, 18

01111111111111111, 11 Ι

0111111111 ι, 81. 188. 111, 11. 18. 81. 11,
88. v, 81. vi. 18. 81. 18. 111, 18. 78.
881118 8118111111·

0⁰⁸¹¹⁸⁰2sg⁸ 11111. 1188. 11188111·
111111,
1111111

8111111111ιί,188

Qunrtnpmisix, 18

81111111.1.1.1π

01111111 1118188 1111811118 ¹

0111111118. 1118. viii, 11 1111111,

0111111188

0111111 11111188

CXXV

011111111118. 11111

Quatenus 1, 18. 11188

01118Ε88,ω1 'quo 'finnt 888811·
11. 1188. 11818. 1181. 111,
88 junensem, 11

01111111 1111 111 18

Quumque 111. 181. 111, 11. 1188.
981 'dnn

0111111111, 81

0111111111

0118111181

08181101 8182. ¹⁰⁰· 88, 81881 888, 881
1, 8. 18. 11, 8. 8. 11111. 81. 1111.
1181. 188 118111 11188 11111111
118 111111111111 {ihm-n 11111111
181 1111111118, 88 1111111111,
188 11111111818 1811198

0111111111 111, 81. 1, 181. 111, 81

0111111111 11, 11. 188. 111181

Quercus 1111, 88 8111188 plurimis,
1 111-1111111111

011111111181

0111111181. 11 1111111118

01111111 1, 11. 11111. 1181 Cecro-

0881818111, 8111111111 11. 18

0111111111 11, 18

08818188 bonum-¹¹¹· 881851 ἤι’·
88. 11, 8. 1188. 11ἰῶ

0111111111 11 18

0111111118. 1181

ρῦθή81118,501 ⁹⁸· no· 'n ¹⁵0 'ipae
ihs· 117181. 3180188

Queriturquo 11, 81

0111111188. 1118. 11188. 1189

01111111 1111188111, 81

0111111 1111111111, 88

01111111 111111 111, 18 libello· 1111, 88

01111111 111111 1, 88

011, 1111111111 118111, puin·

Quidlibet 111, 18. 1111

01111118. 111118 1111 111, 18 11111·
1111188 fugitiva 11181 gnta 11,
88 1111Ιί1Ιί1111 offena 11111 μ·
11111188 1831111188 1111111111
88 11111111 1, 81 1111118

0111111181 111 11

0111181111

0111111188

011111111111

011111111188

01111188

Quidquid-8⁴

01111118. 118

011111 luces 111, 111

0111111111 1111111 ii, 1

Quincunces 1, 88. 1118

01111111111 111, 98

0111111811 111, 1

 

