ΙΝ mmmm

111811 ι1 2⁵· 11187. ὢν· [ihm. Hlud ¹¹2⁸
111111 11. 18. 1,101. 11,11. 111, 1. 11, 11111111 111111
lo· „0 V, ”r we 11101114111111081 1111111111 h! ⁸⁸
1111, 18. 11, 1. 1,18. 11,11.11. 111, 1111111 11, 11
11. 11. xiii, 11. 111, 111. 111 Hebe 11,11
11111111 11111111111 111, 11
11111111 1111, 11. 11, 10 Hebrumque 1111, 11
11111111 colomeo 111, 18 Hectore 111,111
11111111111,11 111111111111111,111
11111111111,11 Hectoreo· rogoe 11, 11
1111111111 11, 11 , Hectoris 1,10
Habitare 1,1. viii. 11. 11,11. 11,11. 111111111111, 11
111,11. 111111. 111, 11 11111111 111, 11. 11
11111111 111, 11 Hedere 1111. 81
11111111 11,11. 111, 1 111111ῐωί,11
1111111111 11,11 Hedyli 11, 18
1111111 1, 111 1111 11,1
11111111111 11,111 Helvinam ir. 11
111111 1,1 Helene 111, 110
Hebriue SS. 11, 11 Helene 1, 11. 11,101
1111111 111, 11. 11, 10. viii, 11. 11, 11 Heli 1, 11
11111 1, 01. xiii. 11 Heliadum 11, 11 pollice 3111111111 11,
1111111111 111, 15 11
11111111111111 1111, 11 Helicaonia regione 111, 111
Hedum 1, 81 111Ιί111111 1,11
111111111111 ore lupi 1, 11 Helicen ir, 1
11111101111111 Helicon 1,11
Home 1111 Helieone roro 11,1
limem 111, 11 Heliconia 1,11
11111111 11,11. 11,1 1111111 1,11
Herebo 11, 11 Helius r, 11
Heredem 111, 10. 11,11.111,11.11,11. Helles 11, 11
1,11. 11, 18. 111, 11 1111111111 11, 10
Heredes ir, 11. 11, 11 1111111111 11, 11 111111 111111111 111,
Herodi 111111 11 · ,
11111111 1,10 Herbe 11, 11 Appula 111111 11111111,
1111111 11,101 11 rodi· 11, 10 11111 1,18
11111111,11.1111,11.11,11.11,1.111, Herbarum rm
11 1111111111. 11, 11. 11
naret 1,11.11,11. 11111 Hercule 111111 11, 101
Heri 11, 11 Hercule· 111111 111
11111111 111, 11 1111111111111111 S 11
fluit 1,1. 11, 11 1111111111111111 1,11
1111111111 11111111111111111,1111111111,41
11111111 1,11 11111111 111, 11 111111111111111111,11. 111, 11
Homo ri, 11 Herculeum 11 11111111, 101 1111111,
1111111 1,18 1111111111 11, 11 11
1111111 11, 11 111111 11, 11 Hercule· 0111111111 111, 111 1111111111,
11111111111,11. 1111, 11 111
1111111111 11, 11 Herculi· 111μί 11, 11 pusilli 111, 11
Eupho vii, 17 Here 111,11.111,11. 11,111. 1,11
1111111111 111, 11 pulverulento ir. 11. Heri 1,11
111, 11 Humphmdiruo 1111111111 11, 11 ·
1111111111 111, 01 Hermaphroditus 1,1 1111111111 111, 111
Herpyierqoe 1,1 Heme 11, 11
Rumpor rr, 11 Hermon 1,oe ,
111111 111. r, 11. 111, 111 belliger! 1111111111111 r, 11 moer. r, 14 ω.
1, u gmrir 11111 levir 11, 11 perbur ν, 11 emendus v, 11
1111111 emissor riv, 101 Hermione iri, 11

 

