buri

1011001 100010 0, 11

1010 01000 10, 40. 0, 11

1010001 10, 18

latarum Moloni 011, 1

10110101 cibor 10, 01

latro 01. 00

1110111110 011, 01 vitreo 011, 10

huonon 011, 01

1010001000 01101

latronum insidiosorum 010, 00

101011 10, 00

101010000ροοωοω 0,01 0001010111,

10100 11, 11. 01100. 01, 104. 01100
00100 01, 00 invalidum ingenuumque
11140 rorum 00000 10, 00 11111001-
11010 010,10

10100 εοείοῐο 111, 10
1000 ’1,1

lavabimur ri, 00

11000100 011, 00. 01, 01

10000101 011, 10

100000 01, 81. 11,1

100001 114010. 111, 10. 011, 10. 10, 00

lavari· i, 04. 111, 01. 01, 40. 81. 011,
10. 01, 10

10000 01, 81

10001 111, 41

1000101 11, 14. 111, 10. 01,01.10.10.
011, 11

laudabimur 0, 10

10000011 011, 01

10000110 01, 00

1000001 10, 40. 0, 10

1000011010 11, 01

1000000 10, 01

11110111 1, 9· ⁸⁴· 11, ⁸⁹

1000001,00.111,1. 0, 00. 0111, 00. 11,
00. 01, 00

huda 11, 140 V. 70 110101· li, Μ,
011, 00. 011, 01. 010, 100

100οι10 0110 1, 04

10001οω00000 10, 00 undu 01, 41

1000010 111, 00

1000010100011100 10, 10

11000101 1, 00

10000101000100

10000101 0,10

10000 0, 10. 0111, 18. 11, 1

10000101 011,00

hildem 11,ωο 1111, w

1000001 011, 00

laudentur S 1. 0, 01

hodes 000. 1,00 0010101 01, 10

100001 01,10. 011, 10. 011, 01

100010011001001010 01 100110 10, 01

laudis S 10 Herculeo 001

hudo 11, 10. 111, 0100. 011, 00. 11, 04.

011, 10. 44

rrum

hrer iii. 10

laveris 0111, 40

10000 01, 01

1000100 111, 00

1001010 111, 10

10011 0111, 00. 10,10. 110

1000 10, 00

10001 1, 00

100000 0111, 00 minor 0111, 10 uita
0110 1010 im

hortorum 000001 10, 40

1001000000τὶ 0, 40

laurentino 10 1111010 0, 11

laureolos 01

laureum 000000 0, 00

hori 0,4

100 rigon curpide 011, 0

harigeri Plroebi 10, 08

laurigeris 10001100 0, 10

laurigero· iii, 00 0011000110 ,1000100
1111, 10 111, ⁸

10010 0111, 00

1001010 0,4 0101110010 11,10

laurus 0111, 00. 10. r. 00

10010101οω 111, 00 vipoun 1, 100

100000 0001100 011,0

1000 1, 00

10000 011, 01. 00

1000111, 40 om ι11,40 00001010 xiii,

buu! (11μ1 11,, w

10011 011, 40. 0111, 04

1001100 10, 04

1000111100 011, 40

humum 11111οω

1101010 01, 11

100100 10, 10 1000000 110, Β

Im 010, 40 Lydio 01, 01 on 01,

hm oper 11, 10

10001 11, 41

1010101 10,0

10ιο0110104

100001 004

1001 101111 10, 10 0110 0111, 01

lnior 1001100 11, 01

10011 panticibus 01, 01

laxum 11100

1010 orbo 010100

10100 1, 100

11100000 00000, marmoreus 010, 101

11000000 000

10000100 00000 000

laconio 0, 41. 011, 10

10010 11, 01 apyrina 1111, 41

10011 0111, 01 3010000101ιὶ1οθ

lectica 100100 11, 01 1100101000 01,.11
1000110 00100001 11,1 1110 01, 01

 

