11 1111111111. 1111

11311140. 00. 47. 11101. 11100. 11, net· 0101. 11110 11110 Prometheo 1, 00
111111, 100

Fert 111, 00. viii, 00. 1, 00 1111οέ 11111 111, 10

Fertur 1, 100. 1, 00. vii, 00. 1, 00. xiii, fictilibus 1, 00 Τ111111 111, 00

01. 11170 Fictilis Hercules 111, 170 11111111 111,
1111111111, 01 balneum 11110 cicer 1, 110

70 Julius 1100 11111111110011107
Fervent ii, 04. 11, 07 Pictum 1, 78
Fervente Cancro 1, 00 Ficus 1, 00. 11, 00. 111100. 40. 111, 80
Fervente· 1111111 000 chia xiii, 00 3111111140 lippa 111,
renuntianti necor graver quindecim 00

1, 74 11111 1110 1111111111, 100
1111111104. 11147. 11, 00 fida 1111111111 pertarit, 10
1111101 pusula 111, 107 Fido 1, 40. 111, 100 popm 111, 40
fervidique 01111111 vi, 40 1111111111 11, 00
1111111 111, 00 Fidenas 0
1111111111 11111111,οθ Fidenas 1111111 11, 04
retuli· 11, 00 Fidentine i, 00. 00. 041 70
Forum 1111111110 10.11111111111,00 11111111. 1, 10 certior 111, 00 long·
0111111111, 08. v, 78. 11101. 1110 110 primumn 11111, 78 10111
Feruntur 11, 00. 1, 0 1110 1111111 11, 00. 1, 44
111111111111111100 ridesque 111, 07
Furia 11107 fidicula 1, 01
11111011. 11, 00. x, 00 1111111111 1111
11111 1111111111, 0 11111111 11, 00 cn· 11011111111111 11, 00

lina 111, 07 Fido Frbricro i. 04
111111 meum 11, 00 1101111111 1, 10
1111111011 1111111111001111111110
1110111110, 00 Fidus 11174 horno 11, 0
Festinat xii, 70 111111 viii. 00
11111111111111 1,0 fara 11, 07 umbra 1111111111.οὄ ,

1, 01 Pierii, 00. 07. 11, 10. 10. 01. 00. 1110.
111111111111111111, 111 11. 111111. 111111. vir, 11.
Festinata 1, 10 11110110. ix, 00. 100. 1140 00.
Potin-rin 1111111 11140 11011111 11, 01 111148 ’

1111101111 1111111110 2
Foefimvere 80 111111, 80. 1, 10. 111 08. 08. 1111 48.
FOEfiMVitss il, 881 0, w· 011051 {imur {mur
11111111 11, 44. 11140 100. 107
Festos 1111111118 ngat ximr
111011111111111, 1 ffigffldu 150
1111. r, 11 11111111
rum 11111. xiv, 111 11101167
mlix, 18 1181111111οῚ
11111111 ι, 11. 1111111. 111, 111 01111111. 170 sngmr 1116 ,
1111111111. iv, 11. 1111. vin, 11. 1111111111· i. ⁵4 1111111010· 1170

11111111. 111. 1111. 10111 figura ¹11. ⁴⁸ ,

1111111111 111111011111111,000
1011111110 grandi· 11111 111 11111110, tum 111 mm
17111111, 11, 72 111, 05 1111101111 11111111,οο
Ηὴῃιιηυε v9ss mist 10,91 V, l· 7¹,ss laurac„
1111111111111 cem 11111 111. xiii, 111. 1110001110. 71
Fioelimemvffl 3111011111101111111001101,07 ndi·
1111111111 11100 01190 1010 014

Fici h‘byea 111, 10 1011111111 111111 laonia 111111 nni,
111ο1100. 111, 71 ³⁶ , ,
Ficosa 1111111171 1111111171 Filios 181. xr. 01 umam, homos,

11111111111111111, renesque 11171 rudes. 1111111111 1, 00
F 1111111 maritus 11171 Filium 1, 50. 11, 10

 

