1111 11111

Muli· 111, 107 11111111111111· 11119 1111111101 *tisim *1161
,1111111111 111111181 .
bruni immodici 1111 cenes 1,10 ’ Munere 1. 1⁰2· 17119· V» 15149· '538⁶-
Muiiu perro 111, 97 turbato 111, 111,17.61.1,16.71. 1186. 11111
117 rmum 11,060111111111196 percu
1111111111ιί111 11,69.111,1711111,69 Prometheo
Μ11111111,76 111, 60 111111,1711111111,6 nm
Mullum ,11, 10. 11111 bilibrem 1160 11, 101
cc 'rum 1, 17 dimidium 11, 17 Muneribus i, 17. 11, 10. 111, 11. 1611.
Mu} 11111 11116 1, 11. 67 datie 1111
Mullus 111, 16 emim 1, 11 piger xiii, Muneribusque 1,16
79 quatuor 1111111111 1, 11 111111111161. 111111. 11101 11111
Muiorum 1,11 611
Muiee 11, 16 Μ1111111 1, 18
Muieum 11, 96. 1111, 6. 106. 106 Municipem 111, 97. 1, 66. 11111. 111,
0111111111 11 11111111, 66 ituree 111, 111
6 1111111111 1111111111, 78 tecte Municipeiem 111111 11, 66
111, 68 1111111111, 116 Municipes 1, 67 egri 1, 191
16111111111111 17 1111111, 18 purpure 111111111117
1, 16 . 1111111111 erce viii, 16
11111111 litum 11, 16 Muniflcum 11, 66
Mulier 1,11 Munna 1, 16
1111111. 11111111. ι, eu 1111111, 11. 11. 11, 1. 11. iv. 1. 11.
Multifido dente 111, 16 11, 7. 11116. 111161. 1, 71. 111, 66.
1111661111 11111111 1111, 16 111117. 111, 11. 116. 117 duice 11,
Multiplicee 11111111 1111 96 egregium 1111, 61 8111111116.
Multiplici pelle 111, 181 1111111111, 11111 111,69 1111111, 19 imur-
, ,191 1111111110 lere ir, 19. 111, 11
Multi· ii,1. 1116. 111.16.1111,76.11, memorabile 11, 66 minimum 1,16
66. 1, 79. 111, 10 diebus xi, 61. 111, nubile ix, 11 solenne 11, 66 11111 111,
17 111111111196 nummis 11, 6 oe· 166
1111111191 precibue 111, 77 puellis 1111111111 11, 66 111111,61.111,11.
1161 66
1111111111 Atthide 1, 61 Muraeue (11111111 1,10 grandis 1111,
Multo 1, 101 major 11, 79 69
1111111111 1,11 ore 11161 pilu 11, 79 Μ111111111111,17
111111116111111111 1113111111, Mutia 1111101
11 111111116161 vinu 1,1 Murice 1, 69. 11, 1. 111. viii, 16. 72·
Multoque 11, 77 11, 61 1111111111
Mulieri, 199. 11, 66. 111, 109. 1111, 1. Murices 111167
61. 1, 76 Decembres 111, 16 11111111 1111111 11, 11
Multum 1, 169. 11, 11. 16. 11, 76. 1111, Murmur 1111, 66 ,
6. 11, 69. 60. 66. 101. 1,11. 1111. Μ1111111111,66 11111169
111, 116 Murci 11116
1111111117.1,161111111,17 1611111111 11111 xiii, 116
11111111 11, 61 Mur 11, 16
Μυ161111111111,66 Μ111111,10.1111,1.1,17. 111, 11 jc-
Muudi 1,1. 1117. viii, 1. 11. 11, 16 11111111 1111111119
1111111116 Μ11111,6.1111,111111111111,6 perra
Mundique prioris 111, 61 11, 17
Munditie 1, 96 Murci 111, 97
Μ11111661,91. 111. 1119. 1116. Merumque 11, 90
1, 19. 76. 11, 19. 61. 111, 16. 66. 86. 16111111 1, 66 111111111111
111117. 11. 18. 66. 68. 71. icco. 111111111116. 11, 199 cer-eriora 11,
lii, ⁴· 8¹1 317. ¹⁰· ⁷8· 132· 1⁵⁰ 12
burbureninse 11111 11, 61 digua 1111111111111, 16
tuo 1111111111, 71 ingenue 11, 66 Μ1111111111ο1111111,67,
1111111111, 6. 11, 61. 111, 11 pexu 111, Mercurium bubulum 111, 71
1611111111 1111111161 1111111 Μ11111111,81111111111,67

 

