111111 1110111

0011110111188 Coma» Aonie 11108 181011111188
00111111 1, 88 tango 11, 18 1101101 11, 18
0001311888. 111100 Commu 1111. 1180. 188. 1188
001111 Capitolini 11181 0011111111 11, 88
8111111110.110111111111.111, 0011111118. 1111881181. 100
81.11.11.111,11.10001101,1.01 101111111111111 modun ..1,
00110111111111,80 80 coronatae 1, 80 Ganymeden 11,
0111100110 1111 17 latiae 111188 1011111188 111-
00110011 iv, 88. 188 81811 111, 80 111111111181 tontes
cottum 11188 1118. 11181 11811171 anton
Colo ii, 88. 111, 101 1111, 10
Coiooaaia 1111, 81 lenta 111188 0011111 quinque 11171
Colone 1, 78 00111111 temporibus 1, 88
0010111 Argivi 11, 81 81111188 Li· 011111οω110 1, 88
byei 1111, 18 Peligni xiii, 181 0011111111 1, 18
001010 1187. 11, 18 111 1101 Combibe 118
001010111101011011111 111, 88 Comedit 11187. 11, 18 001111 1188
Colonum brevem 11, 11 Canentem 111, 88
0010111118. 1111. 11181. 181 committentium 1118818.
181111011111 piluma 11180 88. 101101. 11188. 111, 188
00101 111118. 111180 radon 11, 18 188 1111811111 11, 10 improbus 111,
111111011111,18 881111118111111,18 magnua 11111
00101101 Etruscis 1, 88 Velina 11, 88
0010101108 1110 111, 08 00111111 110
Colorem 1, 18 0011101101 1, 88
0110101181. 188 1010011,οῚ va· Comi hoapitaiimtn 1181
1101 1110 001111 atquedentibuaamtia 11188 nepti*
0010111 111110 maii 1111 optimi viii, 11111180 011111 180 801111 inm
10 8111111111 118 longia 11, 18 madidis
0010111117 1101011118 11108. 118 0101111181 ”etiaim
0010111 muti. 71 Palatini 111100 0011111180 Albana 111, 18
00101101 111111 comisator 118
0110111111 longam 1177 comissatore Lyaeo 11, 88
00101111 uiderem 88 Comiaaatmqua v, 10
00101111 111188 Comitante 1181
0010111111 1111, 88 0011111181οα,1180111118
00111 1, 88 Comitate v, 88
Columba 18110. 188 blanda 1111, Comitatur 111, 88
88 nigra 11118 trita 11118 Comitatus ii, 11. 18
0011111181 Paphien 111188 Comitem 1, 78. 111, 88
Columbatnm 111, 88. 11188 00111101 1, 8. 1, 8. 111110. ’11177
Columbae bientiae 11, 101 tenena xiii. comitetur 11, 10
88 Commendo 1188
Columbini 1111, 88 commendamur 111, tat
Columella 11, 00 commendandum 1118
Columna vi, 10. 11, 81 Commendare 111, 88. 80
0011111111 0111111111 iii. 10. 118. xii, (3011101811ἰί18
80 0011101111 110111111118 0011118111180. 111188
Colum nivarium 111108 Commendet iii, 8. 11111
Colunt 1188 Commendo 1, 88. 181. 188
001111111111,18 Commenta 181. 111111
Coma 1188. 11188. 11118. 111118 Commium 1188. 111, 81
11110111111101188 nigra 1188 committunt, 0. 11, 71
nigrior caduco 11110 111101 pinguia Committe 111118
1180 1011111181 00111110011888. 101. 11180
0010181111011 1118 dean 11118111, Commoda 1188 01111111
08 commodabit 11, 8
0011111111 111, na Commodat 1, 81

 

