mviii 111111

Deieque 111, 18 Dent 101101 11, 88
11011111 111, 88. 1111, 88 11111111 1111 1101111118111181
88 nunqnam 118
Delasset 18 Denique 11101101 11 88
111111011188 1110111111 81 Denda 111111 0011111188
1101081111 111, 81 Demo triente 11, 88
11010811 111, 1 110111111οΙ11 11, 8
11010811 11, 81 9011111101111111 11, 88
Delecte 11, 88 Dent 1187. 111, 88. 81. 181
110100111οη 181 1101111118110 1, 78
1101001111 18 1101111888. 1111811. 1178. 1111,
1101008181 118 8. 81. 111888 1111111111 111-
11010011111118 1111100 1188 111111111118 multifido
Deleeus 11188 11188 10111110 11101 rubidus
Delectat 1, 88. iii, 71. 188. 1178. 1810010 11188 11111181
181 11011011 11118 0311111188 politum
Βο100111111188 1, 81 sordidum 18
110Ιο1188 11011011888888. 111,88.1,18, 11,
Ddiwss κω uou- 811188. 131881 ¹12⁴& ὼ,
1101111111 lehn 1188 88188 080101 11181 enm 11188
Delie-taculum 1181 11311188 11111001 x, 88 nigros 118 1111011,
nouem 1714111011 188 perpure 111, 8 1118661101111081101110111111111111
11111, 11
Delium Europe 11188 111111, 88 110111011111 1 eminentis 111,
1101111188 11111111 11188 88 1111111118 3110111111 111·
Deliene 100101 11, M higinoeb 188
8110118101 1, 88 ruri· vii, 18 Beneficium 11188
1801101801 1, 87 1101111 11111111 111, 18 hym 1111,
1101101111101101 1118 188 1181011118
1101101111 11181 0111011111 11188 110181011ρὶ1 11188
11011010 88. 1118. 11, 18 11010111 Βω8101111111111188
88. 1, 88 111111010111,8 1)01110118. 011181
Delieieeque 111188. lxm Deo 11, 11. 111, 81. 118111881111,
11111111 1, 1100. 11111. 11111111. 11 amo 11111 Peg-m ’11, 11
188. 1111118. 111881Μ Deoque 11118. 1181
110110111110 1188. 188. 11111 811111111111101111 1111, 88.
Deliciis 111118 1181. 11,8.81.88.88
mmm ipo· Xffipm ΒΜ11881801881 innon-W· V.
Ὡο118111010111,88 81. 111. 1111811881. 1188.
Delphice 111, 88 87. x, 88 1111110111811111111188
Delphin viii, 81 1)00101111111 1111, 81 ‚
Delphin 1118 Dependet 111, 81
Deme 11, 18 nepum 00Ιο01 11, 88
nem sve 11481 ffl, π· ηε „e Ihm.. ix, Π
111, 81. 81 Deponi 1, 118
110110101171 Deposita 1, 88 11110 1188
Demi-e 1188 Depo-immo 1111881 1110111111
Demetrius 1188 Deposui iii, 88
Damnum 188 8111111118
Democritus 1118 1101101111 811
Demus 1, 8118 Depoendere 181
11011111 1101110111 1, 88. 111, 81
110111111111811111111188 Depm 1011111188
Ῑ)0111111 11, 81. 1188 1101110111 11188
Deme 881 8111111118 Deprensum 1118
110111110188 Deprensus 118
111111 11, 11 Depugnant 11111
110101 11111 11100101118 Deque 1181

 

