lN tritomum.

079191881911,89.11,87.·1,91111,
ili loedo 11, bu trtutt 7189898 lom ix,

0111111111 11, 78

1111111

Criu lubrlouur 81991119991118111, 88
cumulumque 111, 98

01919911 11111191 11, 71 , ,
0111111111 11, 71. 1, 88. 111, 74 9198181

08191,87. 11,-87 utun 11188 posito 1111,77.1,18 mgna tnui
01ἔοι11111911,84. 111, 111 11111111 11,

11, 87 11191191189 ruber 111, 84
Crincru 111, 99
cum 11188 11118181 111, 94 19181 1, 89

Cryctullinirque 111, 89

0119189111, 94 1019911191 11111111 0981191111,91“

· maneum 11111 unu-so

0111111 1111, 77 19181891 1, ut·

&urna 19119 111, 49

0111ρ1111,99

01111111, 14

Crispi 1,9

0111ρί99111, 99

Crispinus 1111, 48

Crispo 11, 84 . ·

crispos 11198

Crispulus 1, 81 ’

erupto 1, 89. 111, 191

Crinas 1, 88

0111111 111, 998

(3199911111 111, 999

01111111 gutli 11, 89

Criton 11, 99

cmm 11191191 1111, 89 ’

Croci rubri 1111, 88

Crono Corycio iii, 88 curro 11, 8 19919
1, u

Crocodilus 1111111991 111, 98

01919 1, 89

019191 11, 8

0199191111, 87

01911 11, 89

01991 9991111187

0111919 ingenuus 1, 89

0191111 11, 99

01981111, 18 puello 181, 84

01981 virgine 81119119 11, 49

0191111119 Albulurunr 11, 4

01981 ’11111111 11, 49

Crudele gradiuntu, 84 uetur 11, 89

01181111 1111 11, 18

091111 1, 119. 1,1

’ 098199118111911111111111,147 runem
. nv, 111 1111119111, ruo

Cubile 11, 4. 111, 87

Cubili 11, 7. x, 99

Cubiti vicini 111, 88

Cubitisque 111, 89

0911119 1111, 89 dexteriore 1, 81

0999111 Liburnici 111, 189

09991111 11, 98

Cucullo 1, 14 pullo 1, 78

09991191 111, 9

0999111119 1, 79

09999111 ructus xi. tc

cucurbitarum 11, 81

CuconitS 14. 91. 98

091 S 9

Cuique 11, 89

Cuicumque 1, 49

0111091μῖ51 11,,91801 811,81 u

0919181111νί, 8

091911111, 88. 111, 119 11131111 111, 189
innuis 1, 89 1181111111, 91

Culex gi 18 Adrianus 111, 98 Virgilii
111,

09111181. 11, 99 .

91111111, 11 nv, 111 vorantem viu,
88 'culino 911911 1111, 87 terh 111, 97

Curliiiioiui'inli, 88

Cutina 19119189

0911111911, 89 nigrum lli, 9

0911111, 98

0911111111 111, 78 89119111 11, 84 79111 111,

mauis 11, 77. 11, 81. 111, 14 lucius 11, Culminibus genuinis 11, 4

84 Nero rii, 91
Crudele· morbi 11, 91
Crudum 11, 18 1111111111, t
Crudur
0191911 flagello 11. 17
Cruentur 89111 11,8

0111911 1,99. 11181 minatum

0191111, 88. 88. 89. 111, 81. 11, 88. 11,

88 11911111, 81

Crure 11181111188 ligneo x, 199 ’
01911891 11, 87 genioque 1111111111 15·

Crllibusque 111, 88

91711. ct l'ur. 0111.

n· «1111. moon 91,

Colo 11, 81. 11, 199

Culouque 11, 48

Culpa xi, 79. 111, 177

Culpavit 11,89

09111 11999911 111, 89 terram 11111
99191,8 (1119191 111198 jugeru 11,
99 munuc 1,11

Cultu

Culter 19111911911 111, 91

Colti roll 1, 117 ’

Cultior 1, 98. 111, 98

9919199911 1, 89

Culto cliente 11, 98 iore 1111, 89 ’

Cultor 1, 8. 1, 99 8111111981 11, 78 no·

 

