111 mmmmm.

311111 1, 107

31111111111111

3111111111νῇ, 10 1111111 pon-
1111111111

311111 11111 11, 11

31111111111181 311111111111

3111111111 1111 111111

3111111110

3111 1, 01. 111, 111

311111111111110 1111311171

311111 11111

3111111111, 18 1111. 11111 1111111
111, 111 11111 11111 eques 1,11
1111111 111, 18 lector 111

31111111 17 qondam 1111111 11111 1, 1
1111111111171 vellen 111, 110

3111111111 11, 10

311111 1131111181

31111 1111

3111111 11, 71

3111111118 11111 11111 1118

3111111 1111 11, 11

3111111111 11, 11 11111111 10

3111111110

31111 1111111111 1,11

3111111811 11111818

31111181. 11, 81. 111. 1111. 111,

311111117118. 11,11.77.11,7.11,
17. 11. 11110. 1111, 71. 1, 101. 111,
10. 11 11111 11110 1111 11, 18 1111-
11111110

311111111111

31111111

3111111111

31111111111111

31111111111111187 cortis 11111

3111111111111110

311111 1111111111 11, 8 rogatores 1, 1

3111111111111,11

3111111 11111111111

3111111 111, 11. 17 1111111111οι

3111111111 1, 11 '

3111111111 1111111101

3111111111 onocrotali 1111

3111111 1111111111

31111 x, 81. 1111. 11111 angustio

&133⁸ feffimi' 1, 10 ponis 1, 10

ιι,

,311111111110

1111111111,11.11,11.77.1111,1.11,11

31111111 viii, lo

3111111111, 11

31111111 11, 71

311111111171. 111, 11 11111111111111,
1111111111,11 1111111101 1111111,

3111111111 (1111111 111, 11

cxxvii

3111111 111111, 17 1111 111, 11 11111
111111

1111111118

3111111117

Recepto 111, 10

1111111113

311111111,11

31111111111111,11

31111111111111,7

31111111 111, 10. 11, 71

311111111111111 11, 11 femineos 111, 11
1111111111, 17 111111, 11 Pierio· 111
81 placidos 1, 18

3111111111

neapo 11, 11. 1111

3111ρί1 11118

311111111111

3111111111 11111

3111111111, 10

31111111 1, 10. 01. 11, 11

1111111111. 111111. 1111. 111,
10. 71. 11110

31117111,1Ι.17.11,10.11,1. 11, 11

3111111111111, 11. 111, 111

3111111111

111111111111

311111111111

3111111111. 01

311111111101

3111111 111111 11, 11

111111111111

3111111111 10 Fides 1110

Rectam 1111111 11, 11. 11110

nectabere· 165

3111111170

31111110.111111111,78

311111 11100 maxime 11, 17 summe
111, 7 venerande 111 10

311111111178

1111111111 1111111111, 18

3111111111 1, 01

3111111111101

3111111111 11, 11

3111111111 1, 78. 11, 11

3111111111 111, 10

111111111111. 1, 11. 11117

31111111111,11

11111111 11, 11

31111111111

311111111111

31111111111,101

31111111, 11

31111111 11111 11, 11

3111111111 ,1111111111 111, 10

31111111 181

3111111113

31111111 1,11

3111111118

 

