11 1111111111. cxxxi

Ridebis 11, 19 111111 .' Bognbh 1114
1911111111 Rognbo 111, 48. x, 94
111111111178 . Rogamus 1, 59. 55. 97. 1, 89. 11, 85.
1119111111 11, 99 1111, 9. 11, 99
Ridenti 1111111111 11194 1153119111 111, 99
111111111151. 111, 18. 11, 18 1111111111, 48
Rideris 11, 77 Roganti 11, 95. 99. 11, 15. 1,94. 111, 98.
11111111,95.99.11,18.1,19 111, 71. 71 .
1111181169· 1111211. 1911· 11, 87· 11971 11081181111601 111191 Χ11, 661 80108
511 81)· 211,OE 1108110111 ,1,111
Rideto 1198 Rogati 111194
1111111111 1, 54 11151111 11, 44
1111111111 11, 99 . Roga· i, 94. 111, 98. 11, 15. 1, 51. 1,
1115111111 Philistionis 11, 41 19. 11, 58. 98
111111 11, 55 ΒοΜ1111111,79
1111111 11, 78 11111111 11, 19
11131111 1111111111 1, 59 11191111 11, 59. 111, 89
1111111 vi. 11 Rogat 1, ιιο. 11, 11. 111, 11. 1,11. vm,
1111111111111111 111, 117 91. 94. 48. 11, 98. 95. 95. x. 7. 11.
81111111. 11111 1111111111. 111, 11 11. 11.,
11131111111195 9.81
1911111111 1154 11111149. xi, 19 1111111111, 89. 111, 98
1111111199 1111111111 diu lucem x, 88
9111191111,11111111.11,1ι 11131111
1111151 1411111149 1111111111 118 1111111111, 89
11111195 Ruptum 1111111115
913111υωί148 811111ιί199. 1111, 59. 11119
1131111111.. 1, 14 111111 11171 Rogavi 11, 77. 11, 99. 11, 58
1111111111) 111, 81 1113111149
11151111 11, 59 11131111νί11, 8. x, 79
mma 1, 15 1111111111 11. 85
Rima 1111111111 11, 45 1111111111
mmmmm 1198 1111111118

11111111111111 Raptim 11, 51
ἕμιΙίι 1, 85 ’1111111117 {gan ,49. 11, 97. 58

'pa 1,1 1111191
lupi· 1, 54 Ro}Y (111111 11, 99
Riserunt 1, 194. 1, 19. 111, 77 Regi Ρ11111151111111,95
Risi 1, 59 Bagis xi, 41 1111111111, 98 113111 1191
3131911Χὶ16 Rogo 11, ¹⁴· „two 8⁰· 111144· ⁵²⁵„-
1111111111, 88. 11, 88148 7999. 11, 85. v, 2⁵. 44. 89. 111.
Β1811μ1ψ19110 1191 171201 811, 861991 131 2⁰0 Ι, 191 211
11111111 1141. 111, 18 41. 99. 11195. 91. xiii, 58
111111 1111, 98 Rogo 1111111115 111, 95 11111111, 54
Ritu· 11, 49 111111119194 veteres 1111, uno 1, 71 .

89 111111111111111,88 111111110111,71
11111111 111, 79 11111111 1111111111 11, 77
Rivali 11, 74 Rogm infelix 1111, 75 ι
111111 gemmantibus 11, 91 Rom· 88. 7. 111, 99. 95. 11, 8. 1, 19. 11,
11111 11091118 1, 87 611 111191 ⁶· 611 991 'm' 111 151 21·
Rixamarum 11, 55 99. 59. 91. 95. 11, 99. 57. 89. 91. x,
1111111111, 98 9. 19. 18. 99. 89. 51. 51. 79. 74. 11,
1115111149. 11, 44 8. 94. 111, 11. 49. 57. 59. 11199.
115511 111, 99 199 1111111199 1111151 11, 49 can·
11111111, 98 5151111195 1113111κὶ198 major 1111,
11151111, 89. 11, 94. x. 45. 11119 59 Muti· 1,19 mxima 111991,
111μὶ11, 95. 11, 58. xii, ll 58 11111,7 1111187. 1119 11111111
1151111111 11, 19. 11, 45 11,51111111111,98 1111111111 111.
1111111111 11, 89 mum gentiumque 11111118 1111 n·
Rognbin 11198 dead! 1, 8

 

