’ u. 111.. 1111111111 111111. 111. vm. law

11111111111111 1111 1111111111 11· 1111111111 1111111111 1111 0111.
111111 11111111 011111. 11111111] 111.1.Ε11111111 61111111111 1111
01111111111111111111. Ι1111,1111111111111111.’ 11111 1111·
1111111111111111] 0111111111111, 1111111111. 1. Epist. 11.. ‘nne 1111
11111 1111171111. 1111111111,1111111111111111111111’
11 1111111111, 11111] 1111111111 11111111 1111111111 111111 1111111 1111-
1111111111111. 1111,101111,111 11. 111111. 11111111111] 011
10111111111111 11111111· 111111 M· 1111111 1111111111, 1111111 11111111
111,111111111111111111111111,11 111111111111111111111111111111.
m 11 11111111,11111111111111111 1 11111111,11.]1111111.
111111111111111111111111111111111. ’1 011111 1111, 11] 0111111111
1111111 11 111111] 1111111111. 1111 11111111 1111 111111111 1111111-
11111111111111114. 11111111111111111
Em. 111111. 1111111 11111 (hb 1 Bm du 111111] 1111111111 11.
1111, 111 111111 111111111111111111, 111111 111111 111111111111111 1111.
111 1111111111 1111 11111111 11. 1. ’1111111111111111111111111111111
(1111111111111111111111)111111· 111111. olm. ι1111111, 1111111111,
1111111111111111111111111111 11111111Ἥ111111111111011111.
1111111111,111111111.11. 111111 11111 budh prosequitur, 111111
1111111,1111111111111111 1111111. 1111111111 1111 111 1111111,111111111
11111111111111111111111. 11111111 1111111111. 111111111111
Em. mnu. 01111111 11111111 11111111111111111 11 11, 1111 m
1111111111111111111111111111,11111 μου. (1111111111111,1111111111
11111111 11111111 1111111111 111111· bonu· mulam! 1111111. 1111111]Ρ11-
111111 11111111Β111111111 11111111. 1111111 11111111 11111 1111 111 111111
1 οι111111111111111,11.]1111111 111,1111111111111111111111111.
Philosophorum 1111111 depromptum mmmm] 11111 11 111- .
111, 11111111 1111 11111111 1111· 1111111.111111,1111111111111111,11-
111111 1111111111 111111 1111111111 1111111 11111111 111111 1111111111, 111·
11111111111,11111111111111111111- 11111 1111111 1111111, 1 1111111 11-
1111111111 11111111 1111111111 111111 1111111111111111111111.
1111111,111111111111111111111111111 11111111111ημη11111111111111·
11111111111111111111,111111111111. 1111111 1111 1111111 1111111, 1111111
1111111111 posterorum, 1111111111- 111111 1111111 111111. 111. 111. 1111111.
11111, 111111111111111. Huc 11111· 11. Ρ11111111111 111111 1111111111
dm 11111111111111111 1111111111· 1111111111. 1111 11111111. 01111111·
1111, 1111 11111111111111111111,111· 111111 nicona 111111Ι 11111111·
1111 1111111111111111111111111111 1111 11111111 1111 11111111111111.
1111111111 11111111111111111 11111· Ρ111. aput. 1. 111. 1. 1111111. 111. 1.
111111 111111111111111111111111,111· ‘eune 11111111111111111 3111111111·
111 1111111111 11111111 1111111111· 11111111111, 11111111111101111 11·
11111111111111111. 111111111111111111111.’ Mannum] 1111111111
111111111111111111111111111111111 mpure-pom (11111111111. 111·
01111111111111111111,1111111111· 1111.
11111111111111111111111,111111111 11 1111111111] 11111111 1111111
1111111 111111111111111111111111· 111111 1111111111 11111111 11111111
11111 11111111111111111111111111 11111111 111111,111 111111 1111111111.
11111 111111 11 111 tempore 11111111 111 111111 11111111, 111111. w. 1111. 1.
tum: 1111 1111111111111111111· 11 11111.1111.1.1’111111111111.
«aunisimau 1111111111, 1111111111 ub. min. 811· 11 1111111. 111. 1.

 

