1. 111.. 1111111111 111111. 111. x. 1111

1011111, 11.] 1111111111 11111111 1111111111111111,11.] 01111·
11111111 1111111. Fun. 1111111. 1111. 11111 111111 111 1111111111 metm, 1111111
111111. 1. 1111111111 1111111111 celebrem, 11

1 Mantua] stillicidium! 11111111, 1111111. 11. 111. 1. 1111. 11.
:sparsionibus 11111111. 1111111111111,111111,111.

um 11111] 11111111, 11111 1111111111, 11.] 111111111111111
forte 111 qu 1111111. 11. 111. 1. 11 11111.
templorum 11111 11111111 1111111111 1 1111111111 111111] 8111111111 1111
11111111 1111111111 111111, 111111- prima 1111111.

, nm 1111, 11111111. 1111111. 1. huju· 11111111111111111111111·
11111. 111111 1111111111 11111111111111

mmmm 11111111] 111111· 11111.

1111111111111111111. 111. 1. 1 11111111] 111 1111111 11111111.

11 Pedaia] ΑΙ11111111,11111,11· 1 111111 111111, 11.] 1111111111
1111111111 funtlglo 11111111 1111111111· 1111111111111111111111,1111111111·
1111111111101111111111111 11111111. 111111111111111111. 1111111] Α·

11Ν111111Α111111111111111· gratiam 11111 1111111111. Paul]
111 Carminibus 11111111. 1111111111. Agr! cmhnglnemln 111 pro 1111
1. 111. 1. 1111. 11. 1111111111] 111111 1111111.
aec„ 11111111 11111111. lo 11 quoeunque 1111, 111 01111

11 arbja-n, 11.] 1111111111· 1111111111111 1111111111.
1111111111111111111. 11111111. 8111111111, 111111

11 1111111 11111111] 1111111 1111· 11111111, cmm, 11111111111111·
11111 [1111111111. ¹ 1111111111 11111111, quod 1111 rmum

110111111111,11.]1111111111·· 1111111111 11 111111 1111111111,111
’ 1111. 111111111. 111111. 11. 111. 1. 11111111111111111111111111111111111.
1111.1.1111ρί11.11.111.1. 11111. Ru. y
11111111121111111111. 1111111111] (1111111ῑί111, cuju·

11 Arpini· 111111, 11.] 11111111 111111111111111111111 Α. oon. 11
(11. 1111111111 quem 1111 ubique 1111111111. “
mundun 1111111111 11111111 111· 1011111111] (1111111111, 11·
111111. 1111111111111111111111111.11.11
“ 11 Huc 1111 111 11111] 11111111· 1111111111 11111111111111.

11 111 11111111, 1111111. 11. 111. 1. 1111. 1 1111111111111111]1111 1111111111
11. 1111. 11111 111111, 11111, un· (Ε1111111111,1111111,1111111111·
mn. 1111,111,1111111111,111111111111111

11 0111111111101111111111 11111111 (1111111111. 11111111. ι111
potabunt. 0111111111]1)11111111111· Apnllo 11111111 intelligit? 111 1111·
11111111. 111111111111111.

11 1111111111, 11.] 1111111111 101111 1111111111] 1111111111
111111111101111111 depodtngn· 11111111111111111111111111111,111

11111111111111111. 1111111111111111111111111111111 ·

Em. 11. 1111111111111111111111· 11111111111111111111111111111·
1111111111111111111111111111111· 11111111111111.
111111111111111111111, 111111, 111· affl« 1111 1111111111, 11.] Propter
11111111 111 quin, 1111111111111, 111111111111111111111111111111111.
111111111111111111111111111ς11· 1 111 1111 6111111111] 111111
111. Η1111111Ρ1111111111111111 111 ammentum interpretum.
11111111111111111. 1111. Quom 1111111 11111111·(1111111111Ι

 

