11 1111111111. ‚ 111111

8119181111 11 Pul-thum 11, 81 811811 001111111111 husu
11111111. 111 81111111 11111
811111111111 8111111111 111
&pyum 11 11 1111. 111111 fluum 1111
1111. . 811111111111. iii, 01. 110
8111111111, 11101. vu, 10. 01. 1111, 18. 8111111111 iii, 81
111, 11 Suspectum 11, 11
8111111101. 11111 8111111111,08
8111111110. m 1111 Suspendit 11111111
Supero· u, 11· 1111 11111111 ii, 11
ΒἭΜΜΛΜ 11111111οωὶ11, gzuupezviim
spi iii, 18
811111111111,11 811111111111
Superum 1111 suspicatum!
8111111110 111111111111,81 8111111111 1101
supp· 1111 1111 81111111111,18
81111111111111 11111 Suspiciendo 110
8111111111111111 110 Suspiciosum
81111111111111111111 811111111110 -
81111ω11110,88 8111111111,11.71.01. 111
8111111118 811ρί111107. 11101
8111111817. hum· 1181 811111111110. x. 11. 1110
supplicesque 1, 11 Sustentatque 111, 11
811111ϋοί1110 11111111, 10 libonis 811111111111,10
111111 81111111111
Supplicia 1,1 8101111111 11111
8111Ιὶ11181 puerile 1100 811111111101. 1,(10
8111111111 iii. 11 1111111111 8111111111 111, 01
8111111111, 01 Sustinuit 11, 11
81111101111111111118 8111111118 10
1111111111 1111111
8111111111 811111111111. 11111
81111111νῆ111 8111 cumin· 1101 .-
81111111 111 1110 811111111 1111111 11, 01 11111 1, 01
8111111111οωί,81 8111Ιί1 11111101
Suptemoehorae 1,1 Tethyosst 8111111110. 11110 1111111111
8111111111111111. 80 8111111171
81111111111111. 1111 8111111 1111111111,οὓ
Supremos 11111180 811111111110
· 81111101 1101 81111110. 1100
Μιὲιωκη 1111111111,οὓ 831111111111111111 111Μ·
Surda· 1111111118 Syene 1111111, 10
suu syenen uuum 111
Syenen 11111111 1, 11
Syna 11111111 11, 1
Synap- 11111111 11, 11
, 8101111101
8111311118. 11101. 11110. :ineu 8111111110
8111111100. 11110 Syllum trucem 1111
811111111811Ν Syna 11, 10 . ..
surgite 111111 8111111811. 111, 18. 111111. 1111.
8111111111ιί11, 110 111111 1111111 1118 larg· 11118
Surrentina [1111111100 1111111881 8111111111 1111111
8111111111 culices 111, 101 10 ..
Surrentinum 1111110 81111111 18. 11111) 1111111111, 18
81111111 1, 10 Sylva 111111 111, 00
surripit viii. 10. 11100 811111111110
8111ραὶ1 8311 11111111α1 11, 11
811111 8111111 11111 1, 01

 

