xliv 1110111

0011111011οω1101 1100011100. 1100. 100. 1011111.
0011010111 1,00 0. x, 8. 0100. xi, 10. 00. 11100
0011111011, 00 Duceret 11, 10

1101011011ΰί, 00 1111001000 xii, 8

Dormio 111, 00. 111, 101 11001 11, 11

Dormire 1,10. xii, 01 unusquam: 11οὰ 0011οι fist
00111111 111, 10. 110 ampuri· xi. 00 10010111 nutu 11, fl
1101011111, 8. xii, 11 1011011.οΙ

0010101000010 0101(ωωω).1,1.10. 11111 nui
0000110110 11, 00 01001111. vi. 10. 01
Dormitum 180 Ducit 11, 00. 01. 1, 00. 11180
1101101011 xiii, 00 11001011 110

11011111 01011 11, 10 011011 111, 01

11010 11108 101011, 00 110011 conjuge 1111 01

110101011110 nuculeum 0101

0010110110 nucum 1180. 111100. 11, 110 ve·
11011111, 00. xi, 00. 11111 terum 11, 80

111100 mugnus 111, 50 Ducunt 11, 00

Dracone 10110 11110 00100 11100. 01100. 1,00. :Ml
Draconem elidum 11181 decu· 11100 ingenium 800 11111111
Draconi· 511 1111, 01 08 1111111 1, 00 110111111ιῶ 10·
0110001101 0111110101 10111 i, 00 uuum 110 r· 1¹,OE
1111000111,οΒ 1110111108 mmm 11 Tibur 1, 00 mun
010010111110 (1011011001,οὅ 11100 0101101 11, 00

Drusorum 1111, 00 001011 mom 1, 0

011100101100 001111 11110 1110101800 qun 111,

111μι101110111,00 80 millu· 1111 010111 111,Βο
0111001110 lunis 1111, 00 0110011111 1180

11001100. 111171 Du! 00 1117
1101111100. 1108. 11100 Deua 11, 0011110010110011001011118 pet·
100 menda 11100 libra 111, 10101118 pondere 111101
01 001011 01110111 111111 110111 11100
Dumque 11, 01 epigr-mm 11100 1111111111ιὴ 10,
1100111111,01.1,00 00 1011011110 ροηΗΑἊ
1100111100ςίηο 11,οΙ 0010111101 00101 xiv.
110010 1,οδ 0010101111111 100 11111 111100
gagio 01111010 in, 11 schemate 11108 0010101 vii. 00. ab] 0001111011οω
0 11111101,ὅο 1,Ιο
1100111101 vi, 00 nucum· 111Β 11011 111180 h·-
11001111 i, 00. 1101. 11, 00. 10101 mu 111100 ·
0101000110 Dulcis lectuli 111, 00
nubite· 11101. 1111101 0010111101 0011 111111
0110111111,00 0001101001 11. 01
00011110 001010111100 uuum 11, 10
0001111101 Dulichiae-ni 1100
Duce 1, 0. 1, 10. 11110. 00. 00. 11, 00. Dum 10
110 11110 vii, 00 1111010 1110 tauto Dumque 100
1110 Duo 0110111 11180 lunia 111101
0000111 10. 1110. 11111100. 110 1101101111οο 1110 111111,Βο
Αο10111011111110100101001111,0 11110001ωο00 11,0 renibus 1111
Ducena 11, 01. 1, 00. 111110 quiu- 1100110111 1110
(1011111110 Duorum 1100. 1110800
11001001 1100110100 Duo· 0111001 11, 00
0000111111, 0001. neu. 1110, xii, 0001100100
00 000101111100 3110110100 mu
1111001111 meum 11108 11101111 1101 1110 odor 180 011111 111
10111111, 00 11001111 11100

0001111101 1, 01 Duru 0001101 101 jum 1, 00 m
1111000111 11100. 00. 11, 00 11, 01

 

