ΙΝ nmmum,

01161616 116

011616111166

0661116 brevi· 11116

06616111, 66 ’
01616111,61.11.11.66.1166.66.111,

66. 11, 61

06611616, 66 ·

06666611616

0611111616, 616

066611111166.611. 61

066611116νί1, 67 11616111, 66

0666111161 11 166

0611116116 , .

0066611116. 11, 67

0111111116,11.11.1ι,68

061116111ὶοῦ

0666611161, 61

0616116116, 66 Callaicum, 67

06116161611, 64

0161661111, 66. 116

0111111 necin 1, 66

octaphoro 11 66

06611111,8

0661611,16.11,16

06111616 1611166111, 66

0666611111, 71

0166111111

061611, 67 1111161611, 66

Octobres 16611,66. 11166 1111111611
1,67

0161111116 =

0661161176. 111,7.11,66.1,66. 111
16 111.ηηιῑ1111,61

066116166661611111 11, 66

06616 117611116011126 111616·
11, 66 utroque 66166

0161611616,16

0661611161. 11166.11,76.11116

06616116611, 66

0661111111, 66. 1116

0111111176

0661111166

01111, 16. 11166. 11166

01111 11, 66. 61. 111, 16. 6111, 61. 1,6

0616161111. 11116 .

0111116 11116

odisset 11166 ,

0161161. 111, 66 6111611 11, 16
161611111ηηὶ 66 1161111161ιῶ, 66 m
166

0116111 11611611, 66 ,

Odore 11 66. 11, 66

06111166661611,6. 11, 66

61111116 minniza

06111161 ’11161111 111, 66

(1111111111 1161111 66. 111, 116

(1611661111, 66

(66116666116

0661111611 1166

(111111 161111, 66
01111166111111661 .
ocelim. 66
0161Β1161111111166
0666611611, 66. 6611, 66
0661101661νί1, 66
0611111111, 66 ,
0616116111 7. 611, 16
06166611661,66
6616611167

ocem 66111166
offenso 1161166 161 76 .

. 0111616111, 66. 11177

0111111116

06161111, 66

06161611, 76

0111111116 .

0166166611,66 1111116166 .

gffdflmipmu Υ111101. 11181 36μῦ
616, 61 ,

, 0161166. 1166. 1, 66

0161611166

0161111116, 166.

0161111, 76

016111 11, 16

01161616 func· 1611111616 11, 66

01611166 6166

0161111 6161611611, 16

01161111661111616,166

01661166

016611111666. 66. 11,6. ι’, 66. 11,
66. 1111, 66 .

1116166111, 66

01611116. 16 6

01111,66.11,16.66.1116666.11,
66. 11, 16. 1166. 1111, 161 ›

0116111111, 66. 1, 77 vulfinum 1111,

0111111611166. 1166

s 011661161166

olidusque 1111111166

01161111 vulpem 1, 67

01161166 ·

01111 1, 66. 1111, 66 61161161

0611616666ὴῦ ,

0116111166. 11, 66. 611166 Alb-m
ix, 66 1111111, 66 66611161, 76
1111161111, 66 ’ 1

0111111616111161

. 0111111, 66

0111116111 661661 11166
0111111111, 1

, 6611111111,

0116 1661111111 16
0111161 uva 111, 66

., A , 0111111116111111116

,01161 111, 66 ,

 

