ΙΝ murmuri.

96611661 1111, 66

9611111161 1117

9616161611166

9616111166

9616116 1164

Domino enguiiiu 111, 91 Nympha vi,

Domi i. 4. 16911111. 14. 6979111,
56. 11, 16. 26. V, 22. 47. 66. 11, 94.
111, 16. 162. 11, 68. 11, 69. 111,

9616166616 111666111Ιὶ 111, 77 111111 r,

Dogino 11, 21. 27 urbe iii, l. 11,

Domino 161. 111, 14. 6661. 111161.
119.1,29.11,8.111,164111111111
61 9116111111, 16 lurco xi, 74 niven
11661111661111194 Romo i, 4. r,
166 superba 11, 66 61611111, 21

966661611166

1091219216 61, 71. 21162198

Dominamque 1, 92

Dominae novern xii, 6

Domini S ii, 7. 26. 1, 4. 62. 64. 169. ii,
92. 1112191. 1118. 11, 29. 47.
52. 111, 2. 29. 64. 1111, 1. 49. 51. 66.
11, 24. 25. 67. 74. 66. 96. 111, 4. 66.
167 bibentis 11162 furentis 11145
11116111 11, 91

Domiuique 11, 66

961616111117. 11166. 1, 66

96161661, 69. 66. 111, 66. 11, 42. 67. 1,
2. 48. 66. viii, 2. 66. 46. 82. 11, 16.
99. 167. 66. 1169. 11197. xiii,
69. 111966 0111116 1166 ingenti
1111, 76 1111116111, 61 1161611, 17

Dominoque 11, 67

96161661 11, 66. 11, 64. 1111, 76. 1196.
111, 66. 111, 124 plorantes 11, 76

9111616616 1, 6. 66. 61. 67. 62. 116. ii,

68. 11, 66. 84. 1, 67. 11, 71. 86. 111,

1127. 1111, 62. 1196. 1, 16, 72. 111,

49. 111, 76 priorem 1171

Dominamque 11, 69. 1146

Domino! 1, 1181 11,,91 iv, 921 ''w-
Ύ1, 62· 71112. 12⁷2· 311991 31199
11111 11, 1 ’.1111111 1, 7

Dominroqoe i. 69. 42. 111, 66 1661161
1111

Domita cervice ri, 76

9611111112

9616161661 119

9661116 Rheno ii, 2

Domitor numme Rheni 117

Domitor xiii, 96

96116116. 1114 8113111721 111,
”mmm

xr'ur

Domus ν, 96. 11, 7. 111, 61 61111111, 94
81111111118

9611161111, 101 ,

Domum 11197· 111521 1111201891 ΣΙ
69. 1111167181. 11126. 76.
xiv, 166 Ο6111111161111,66 ingentem
vii, 61 1611166116111, 67 littoream 1,
66 Ι1161111111116 11166 ocium 1162

6111111111 ,

Domus 2. 111, 62. 66. 11,67.64. v.
71. 11, 29.11176. viii, 68. 1166.
1, 66. 11, 6996 1116 1116 16111111,
62. 111, 66 6611111161 1162 numerando
iv, 46 por 66161111, 66 parva 11, 96.
1, 19 pinna 11167 116611119Τ1161·
11611161 i, 169 venerando 1191

9671661 conspicuo 111, 66 coceium i.

966111, 14. 86. 11166. 11, 27. 66. v.
1862. 1166. 111, 74. 1111, 66. 76.
ix, ⁶0· 991 191 [1, 277 1111, llum
euroin 1111, 26 blondo 1166 dulcio
111, 64 mnjoro viii, 61 minore 11164.
1116911611 11, 66 66111 11, 89 ,611-
1111164 perfida 11, oo 1111611 11,
17 11116179 tertio 111116 vilio
1116

96611111 1, 29

9611611 xiii, 96

966161116116. 1127. 116

9661116116

96611111 11, 66. 11, 96

966116 176. 11, 46. 66. 1, 16. 111, 1.

96611 ii, 69. 11, 9. 26. 84. viii, 6. 66.
11166

9661116 1161

9661111 1126. 11, 16

961116 6. 111. 11169. 1, 16. 1169.
111. 111, 16. 122

96611661 111, 15 ,

96611611, 42. 111, 166

9661111, 11. 111, 86

9611111 1, 69. 11191. 1, 11.111,

Donec 11166

966116 11, 72. 1, 76. 11177. 1126

96161 111, 66. 1, 7166. 111126. 1167.
111, 21

Donet 11, 66. 1, 67

96611116 061111111,26“

Dono 11, 66. 1167

9611111111, 96 iugnr 1, 66

Dorico 11116611826

Domi 111, 64

961611161162

961611111166. 11, 66. xiv. 61

 

